11111011101 DE VILLE-HARDOIN. 113

1111111111 111111111, 1111111111 11111111111111. 111 11111111 1111 11 111111111111
11 11111 1111111111, 11 guerre. 1

[1111111111 11111111 111 11111111111111111 1111 11 11111111111111111 11111 11
111111111111. 1111111 11111 1111111 1111111111 11111111111111111111111111111111111
1111111111 11111111 grant 111111111111111ι 1111111111 01111111111111111 1111111 1111,
11 (111111 : « 8111, 1111 1111111111 11111111011111111111111 1111 11111111, 1111
11 111111111111 1111111 1111 1111 1111111111 111 11111111. 111111111,1111 1111111,
que 11 11 1111111111 1111111111111111, 1111 11111111 111111 vous. » 11111 111111
1111111111111111111, 11111 11 1111 111 111111111 11 11111 111111111111111 11 111111
111111111111111111 1111 · 11 11 duodo Venisse, 1111111111 1111111111 1111111111-
111111, 11 (111111111111111111 11 11111 111111111 11111111111111111111111111,11111 jo
m'en 111111011111111111111, 1111 1111111111111111111111111. 1

Enni 1111 11 1111111111 Β11111111 11111111111111, 1111 11111111111111111111111111.
1111111111111111 gens alerent 11111111111 11 11 1111111111 grant 11111111 11111
111 11311111. 1111111111 11111 jour 11111 111111111111 1111111111111 11111111111
1111111111* 11111111111 (11111111111111111111111 com 11 1111. Et 11111111111111111
11 1111 111 Venisse 11 11 11111 1111, 11 11 disent: « sire, nous 1111 111111 11111 que
1111 111111111111111111,1111 com li 1111111111 1111. 1 Li 1111111111 (1111 1111 11 11-
1111 1111111111. Et 1111 1111111111111 11111111 1111111111111111111111111111111111111-
111111. 111111 1111111111 1111111611111111 dou (1111111111111111111111111111111111
11111111111 111111111111110111111111111, 1111 11111111111111111111111111111111.

111111111111111111111111111111111111111111 111111’111111111111111111; 11 1111-
111111 11 11111111 11111111111111 111111 grant 111111 (11 1111111111, 11 11 disent 11
11111 11111111111111111111111111. Lon li 11111111111111 111111111111, 11 comme
11111111111111, 111 11 11111111 (111111111111111 pour 1111111 111111111111111111-
11111111, 1111 1111111111111111111111, 11 tous 1111111111111 1111111. Comei! prist
11 1111111111 111 1111111. 8111 111 1111 1111111111111111111111 1111, 1111111 1111 (11
111111111 11 1111 : qu'il 111 11111 111111011111111111111,1111111111111111111111-
1111111. 1111111111111111111111 lor 11111111 11111111 111111111 01111111111111.

111111111111111111111111 11 1111, 111111111 11111111111 11 111 devenisse, 11 11
1111111111 111Β1111 11111111111111111111 1111111, 11111 11111 1111 111111 1111··11
1111. 111 1111 111111111111111 111111111111 11 111111111111 11111111 1111111111111
11111111 11111111111111111111111. Et 1111811111111 1111111, 111111111111111111
1111111 11 main 1111111 111111111111 11 1111111111111111111 111111, 1111111111111111
11111111111111111 1111111 1111 1111111111111111 11111111111111111111111811111111ς11
111111 11 1111111111 11 1111111111111111111111111111. 11111 1111111 111111 del
11111111111111111111111111111 11111111 11, 11 11111111111111111111111 11111111,
111 111111111111111111111111 1111111111 11111.

· 'Commnndement⁸ Ι 11111.
ι111, ι 1111111111111111111. n ³ 111.

1111, 1111111111111111. 1 ⁸ 111, 111111.

11.

 

