11 0000011001001111100100110,

110101 1 11011110111000001 0001110001011001001,1111010000111001010111110 elles
001100100111101.Ε11011101111 111 1011011101001000110 11110111 011010οι1 01101111 10011
111010011. “

Li 010111011010011010011000010001.110000101010111111110111100101 honnoo·
, 1010011000111.11111 11100111 10011110 1111 1010101111 10111111011111110111001, 101111 100
111 01101111 les 1111001 101 011. 11 10 101101 1’00 00111 00 une chambre. Ε1 00 01001
11000 110001010110111101100 1101000101·01100 011101011οῐ, 011011101110010110101.
Ρ11 101101 101 011101 1110111101, 10001111 1011011 11 101101011110 10 Ghonpoingne 10
1101010, 01 1111 1 l'cmpercour Surssc:

1 She, 10 10111010111010110000011100111111 100 111 0100101111οι nous 1111001
10 0001000000 tenue. Nc 11 00 pens 01101001 0011011011101 11001 1111000011001-
10000110100010010011011100110001 1 promis 1 10011 ¹. Ε1 10 101010, commo 101
fler: qne 10 000111100101101000100000011100 11 000111111- 011010 011 11 00010-
0000011111110010010101-ΤεΙο, 111111100110101,οο010101“0 10111 11111. ΙΙ 1011, 111
111οι0101011101,00111010010100111110101100100ἱο 1101011001010 Romo, 110010011011

, 1011010111 0111111,100001100100010111010111 111100110001101011,01111010100

10, 11110111 0111 110011 01 100001 111 01110 11010011 1010101001, 10111 quc nons
. 101001 1 pict 011001 (1000001101001101101101,110 011101 0111110100010 1001110
10101101οΒ111110000110010101οη 10 101101’011110-11101 tenir cinq cens chevaliers
110 1101110010, 1001011110, 111 111101010οῑ 10 101101. C'est 11 convenencho que 101110
1011 1 111101 00011 01100001101101111 11111100111110011010101101111101 pendens,
0101110101Ρ110111111011110101101100 ri vostre 111101. 10011111 1010010001 11001001
00011100111 aussi.- 1111101101, 111111 0011010101 , 11000100000001110011111101, ne
100011011 100110000010110110111 101110 ferme. Ε1 000-11001-110101, 11 11111001 1101
10111101 0101 01101, 11110, 10 00 1001101011100001100110100110, 11 1111111001 1100
10101111.» Ε1 0010110101 011010101 1011111010111101 01 101111101110111 11 101 10
101111 110011 perer 1110011101 commences, 110010 11 flens 101 0101111001101, 1101
1111001001011111011111101 pendens, 11011110101111 0111111010111110 11 messores.

11101101101 manuscrits 1001 10111 1111111101 101. (Nicetes 11100 111110, 0. 1, 1101. 1000111101
hc manusc. 11151111 111 10011110 11010111011111 1100110110. 1111011101 11101001110111 11110·
1001101001101 101001101011011111, 01 101111 11 1100 10111000 110110 110111011111101111011 01
1001101 11000010 01011111 s 111111, c 101101 l'cm- 011111. 1110110 1001101110 0011111000 1011011000011
11010001 811111001111111101111, 01 11111 11 00110101 horne, 11 0011110111 1 111110 101101111111111110011
110001110οι 01011111 s 1117, s 101101101010101011 1001 0001111110 10111 1111001100111 10 101101
01 1110100101111111101111101000010100101001 11111101001011101110111111011011110111 me·
1110111001.» · 001 111 111111010001111010110110111101111101

’11010110 011110100001. 0010100 0011101100101 101110101010011101010111

Ι(1·011 10111 00 1100111 11111111 s 111 00 111 1011111100111010111010111001110111111 10110
1001110οι 110101100111, 11110111οἸ1 101001 rede· 101111100000101010011101101101111001010101
01101110100110 01111010 01011101κο001, 11011 Ι 0001011110110111 10 10110010 consororinos!
010111 11111010011111111 101 01010011011111111011 11110100111 110110. ι
11111101101. 01 001 promosset-lh 1001 essiones! ¹ 10101111011011111101111111011100110101111-
111011101101110011000010110011111111101110. 1010101001111101 d'or. ·

 

