250 15101111 DE coNs'l'ANTlNOBLE‚

1111111 1111111 (111111. 1111111111111 11 111111, 1111 1111 1111111, 11 111111 1111111
111111111111111111111 (11111111111111 11111111, (11 (1111111111111, 11 111
11 11111 1111111111, (11 111 homes 1111 111111111111 1111111 11111111 11111111
1111111 chevaliers. 1111111 11 1111 (11111111111111111111111111111111
“ 1111111 Pieres 111Β11111111Ι 11111111 chevaliers 111 1111111111 1111111111
1101111111. 11111 11 partirent 1 11111111 (11 11 11111 111 11111111 111 11111111 11111

, ’1111811111 (11011111111111111,11111111- 1111111111111111111111111111111111111

1111111111-81111-1111111 11111],111111- 1111111111 1111111111 111 111111 1111111-
11111 1111111111, 111 1111 qui 1111 1111 11111 111111. 11111 1111111111111111111
11111 11 1111 111111111111111111111111 11111131 (11111111. 1111111 1111111111
111111111111111 111111111111 111 11111. 311111111111111 111111 11111111111111
111 11111 1111111111 11111 que li empereres 1111111111 (11 11 11111,(111111 111111 11111,
11111111111,11111111111 111( 11111, qui 1111111111111111111 1 1111111 111111
- 1111111111’11111111111111111(1111111111 111,1111111111111 11111111 1111111111
111 11111111111111111111111, 1111 111111 termine 1111111111111111111 (11111111
11111 11 11111 111111111 1 poi 111 gent. 01111111111111111’1111111111 111111-
1111111 (11111 11 111, 111 11 11 1111111111. ple, 111111111111111111111111111111
Si le prist, 11 1111111111 1 111111111111 11111111111111111111111111111111111111
1111111111 11 11111111111111. 1111111111- 1111111 111111111 par 111 1111111111
11111 1111111111 111111 11111 11111 11111111 1111111111 111111111111 11111 11111
111111 1 111 1111111111 11 111111 (11111 [1111111 1111111111111111111111111111
1111111 (111 11111 murdre 1111 111111111111 1111111111111111111115111111 1111111·
11111 1111111 111111. A 1111 1111111111 rent 111111 1111111111, 11111 1111111111
11 11111111 :que 11 11111 une 11111111 111 grant 11111111 (111111111,1111111111111,
111111111111111 unques 11 111111 11111, 111111111111111,11111111111111111111111
qui 1111111 (111 plus 11111111111 111111 (11111111. 11111 11111111 molt 1111111111,
11111111111111111111111111111111111, 11 1111 grant partie 11111 11111. 11111111
11 1111111111 11111111 menet, 11 11111111 partie des gens qui 1111111111111111111
11111111111,1111111111ς111 1111111111- 111111111 11 1111111111 (1111111 lui. 111
1111 (111111 1111 111111111111 11111. 11111111 3111111 111111111111111
11111 11 11111111 11 1111111111111111111111 1111111111 11111111111111 1111111111
11111111111,11 11111 111, 11 111111 [11111111 11111 1111111111111-81111-111111111111
(1111 111111111111111 111111111111111 00111111111111. De 1111 11 1111111111
1111111111. 111 11111111 1111. Et 1111111111 Μ11111111 (11 8111111Μ1111111. 11111
11111, (1111111111 111111111111,1111 1111 111 111Μ11111 (111111111111111 11111
11111111. 01 1111 111 grant 111111111 : 11111 (11 11111111 11111111111111 1111
111, 1111111 11111111111111111111111, 1111 qui 111111 11111111 1111111111111111
11111 11111111 (1111111111 11111111111- 111111 1111111 (11 mer. Ε1 1111111111
11111 (11 11111111, 11 11111 111 111111 11 (1111]11111111111111(11111111111111111
11111 111 qui 11111111 1111111 (11111111- quant li Griu sorem lor 111111,11111
11111,11111111111111111111111; 11 (11 1111111111 1111- 11 111 1111111. 111111
1111 11111 (1111111111111111111111111(11111 1111111111111111111111, 11 11 1111111111
11111111111111111111111111111111111111 11111111111 pour guerroier 111111 1111
111111111111111111111111111111111111111 11111111 (11111111 111. 1111111 de 1111111
111111111111111111111111111111111111. (1111111111 (11111111 1111111 11111111Ι
En 111 11111111 1111111111 11111 111 11 1111111101111111111111111111111111
1111111111 11111111111111 mont-Fenus, qui Α111111111111111111111111111111111111
1111111111 811111111111111 l’empereour Alexis (11111 1111111111 11 1111111111σὶ
1111111,11111111111111111111111111811111 111111 11 11111 1111111 111 1111111111
111 11111 11111 1111111111 1111111111 11 guerre partuum 11 111111. 1111 11111111
111111 11111. Fa 111111 111 1111111111· 1111111111 11 11111110111111111111111
1111111 11 111 11111 emperiam 1 11111111- 111111111111111111111111111111111
1111111111111111111111111111111111111 1111111181111-1111111 malado· 111111
111 1111111111 1111111111111111111111- (1111111111 1111111111 (11 11111 111 11 te·
11111 111111 11 1111111111 11 111111 1 111111 1111111111 1111111, 1111 (111111
1111111-1111111111111111.111811111Μ111111 11111111 qui 111111 111 11111.

 

