PAR emmo! ¹DE vlennnennoln. 1³5

Or 1111011110 11111, 11111011 11 111111, 11 11110“1·11111111011’11111111,«111 11111
11111011111111111111111 1101110111111111111 11111111 110111 111111· 11 11111111
111111111101111 10111110011111111111101111111111101 11111, 11 01 11 1111111011
11011111111111111101111101111111 111111111111 1110111111111101111111111011
1111111111,1111 1111111111, 1101110111111111 101 111111 111 10101111 1011011111 on
1111. 101111 111111111110111111 111 Griex 11111011111101111011 11110111011 :
que 111 111111 11 1111111111111011 1111111111111011101111111111111110111011.
111111111,111111111111011111100111111 110111100, 1111101111 escape. 11111111
11 1111111111υο 11 11111111111 101111111 1111111Ε1 1011001111 11 101011111111
1101111111 101111111, 11 11111111110111111 qni 11101111 gent 1 11111 110111110111-
110111101111111, 1011001111 1111011111 ei 101111111 01 quide k'il 111111111 bien
1111111111111111111111111111. si 1110111110111111 1111011110011111011101111.

Ε1011101111111111, 1111111 11 0011100111, 11 1111101101111111110111,011 il 11011
1110111 ee pertiee de Macte* 11 10 Τ111101111· 1111 11 Baio· 1011111 111 110111 111
11 1111011111 111011, 11111 gene qui 11101111 perti 11 Ρ1111110110, 11111111111111,
1 111 11101011 1111111111. En 0111 eompeingnie 11011111101110111111111 11111111
1010 gent 11 11111111 0111 11111111011111, qni nnn 1111101111 11 1111111011
1111111 11111110111110111111001111. 1011101 1111 1011111 (11111 1101111111
1011 111001111, 1111 eompeingnie. 111 10 1011111111 11110011 11011 1111 1101111οο.
Ε1111111110111111111111 1 (1011100111, 1101111111 1101111, 1111111111111111011
1111111, 111011 1111111111. 111 quent 011111 virent venir, ei 001111011 1 10111111,
011110111101111 que 01 1111111 61111,110“11111 10101111100111111111 ee 0111. Et
11100111111111 1111111111 111111111001111111. Si 111111 moult 1011111011 11 111
1111111 111111111111111111. 1111111111111111111110 01111 11101 1011111111.
111111111111111111111111111110111110111100.ι Si 1111111 111 11101101 11111111
110111111111 110 11 Venisse 11 101101 1011111111111111 111111 11111 11 11100111,
111111101111110111, 111 11011110111111111011111111ιί 01 1111111 111111 1110111110
11111111 101 emis. Halae! 111111111111, quent 11111111111111 11111 10101 111 010
111011 1111111111 1101 1111111110 111 nunes 111111 111111111111111111110101111
11101111 1110110 11111 3 11 11111111 1111 perde.

11111110111111111111111111, 11 1111111 1011111111. 1111011111111101 111111. 111
11 1111111 1101111, 1011111 1011111001111111111 ,1111111101111 1011111111 11
1111110101 11111.Ι ¹ ¹ ¹
1 1111011 10111111111 111-11111111,111111111111111011111111111111111 11010

11011011 11 11111 11111 11111111 1101110111.» ⁸ 115. «es 11111111111011,11111110111 11
11111«11110101111101111111011111111111111, 11 11 11111, 111111 111 11111 111.» 1111, 111
10111011111011, 110101111111111111101111 1111111 1111111111 11 Γ1111101111 11 11 1111111
1011011, ι 6870111101111111111111111111111. de 11101111, 11111111. ι 1111, ι 1111111111 10 11

¹ 1111011111111111111111111 neemiaeque. 11111 11 11 1111101111 11 11 111111 11 11111111,

² 1111111111. 111 11111 qui.» 11 11111111111·111111111 on
³ 111011, 11101111118111111. 111111. 01111 111111 11 Traianopolis. ι
⁴ 111111010111111 11 11111111. “Grande 1111101111 011111110111,111111111.

 

