m GEOFFROY DE VILLE-HARDOIN. 17

111111-11 1111111111111111,111111-11·111 1111111 11111111 1111111111 1111111111111.
Ε1 1111111 11 11111 111111111111 111111 111 1111, 11 11111111 1111111111 chevalier 11
1111111111 111111111111111111111111111111 (11111111. 111111 11111111111 1
moun 1111111111 11111111 111111111111111111111111 1111 1111111 1111111111, 1111 ,

11111111 111Μ111-1111111 1111111111 11 1111 Ρ11111111 11’1111111111,11 11111111
1111111111111111111111. Enni 111111111111 11 1111111111 1111111111111111111-
111111. Et (1111111 1111111111 11111111111 11111111 ki moult 11 perne ⁴ et (11111111
111 11111111 111111 111 111111111111 111111 1111 1111111111111 1 1111111111 11111-
111, 1111111 : 11111111 11111111111111111111 1111113111 moult perilleuse‚ 11
111111111111111111 1111111111111111 11111111,11111111111111111111111 111 (11111111,
11 quant-rost 1111111111, 11 1111111111111 11 11111 11111111 111 1111111 11 adone 111111
11111111111111 111 11111111111111111111111 1 11111111. ’11111111111111 puis mie
11111111 111 1 11111. 11111 11111 111111, 1111111 1111 1111111111 1111 111111 11111111
1111111111 11 (111 plus maistres. 11111111111 11 11101111101111111311111110111-
1111, 111111 1111111111 ·, 11111111111111, 6111111111111111111011111, ogiers 111
811110111111, (1111 (11011111, 0111111111111 1111, (1111111111 11111111, Pieres 111
0111111111·, 6111 de Ρ1111111, 11111111 111 111111, 11111111 0111111 ¹⁰, 11111111 de
1111111111,01111111111111,1111111111111, 111 111 11111111111111 111 (1111111 1111 11
1111111111 1111111111, 11111 1111111 ρ11111111111111111,1111 11 11111. si que 11
111111 11111111111111111(111111111111 111111111 11111111. Quantos 11111 1111-
1111111 Μ111-111111, 11 11111 Β1111111111111111111,11 1111111111 (11111111, liquens
11111111 saint-Pol 1111 baron 11111 1111111111 11111111, 11 111111 mont 1111111111 di-
11111 18111111, 1111111111 moult 11111 111111. Se 11111 gentse ρ11111111,11111
111 11111111 parti 1111111111 11111111111111 1111, 111111 111 1111 1111111 , 11 11 11
1111111111 conquestor. 111111111111 11111, 11 111 111111 111111, 11111 111111
1111111111111111 1111, 1111111111 , 11’111111(111111,111111Ι 11 1111 1111111111
111111111111111-1111. 1 Ε1111111111111111111111. Ε11111111 tout 1111111 11 111
1111111 11 11111111 111 111111111111 1111111111 11111 111 11 111 1111111111 (1111111-
1111111111 11 11111111111111111111111111111111. 1111111 1111111111, 111111111-
(1111111111111111111111. Ε1 111, 1111 1111111111, 11 111111111111 des leur et
11111111111111111. Et 11 111111111 1111111111 pies moult plantant, 11 disent que
11 11111 11111111111 1111111 devant 11111111111111111 1111111111 11 11 11 1111-
11111111 1111111. Et 1111111111 1111111111, 111111111111111 grant 1111, 11 1111111111
11111111111111111111111111111111111111111111111111111111181 11111111111111111-

¹ 1111; 15111 11 1111111;11611,111111111- 111111111 1111111111. ι
1111111111 1111111111 1 111,1111111111111111 ⁴ 155, 6111111.
11111111111 1111 1111111111. ι 7111111111111111111111111111111111111111.1111. ·

⁸ 11 1111111111111. ¹ 1111 11111, 1111111 111111111111 11111111

’11111111111111111111111111.ι (1111111111.

⁴ 111,11111111111111,1111111;1111’1,111111 11 · 11611, 01111111.

[111111 11111111. ι 111111111111111111161111111111111,11111

11111, 1111 111111111111111111111111111111, 1111111111 1101111111.

11. . , 1

 

