1111 ’11111101 110 111010101100. 110

1001000001 00 000 00101110 1101 11, que 11 00000 110 mans-nm 11 10100111010
11001001101111001010 1100000 110 Β1010001 10 0011101010, 0111 demanda 00 00 001011

1101101111010010011101011000101100 11 00000 01011 1011 01 001ρο100011 01 0110 11101
(1000110100 0000011101011·,“01 101011 1000001οω11 0 100110111οἰ0 1011100000 1101110.

, 510011 111110 000 01100011010110100οη 011100010 01100 qu'il 01011 1101110. Li em· ⁶

1 11010100 1110100100 0101101101 0 10 1101110, 01 1111101111 1101110, pour 11100, 00 001110
00110 0011110 111110 11101110011101111000 101101-1000110111 110010100ιὸ 11010 1110101
’ 1110101000. Ne 00011000 110 moi 110 1000 01011100, 00111, 0110011 111011 001010
0 100000 10101 11100010, 001000 1001010010010 10100 0111010 1001. 1 - «sire, 1011
1110011000 10110100, 00100 11100010 1101 001000, 100 1000 1111010 bien pour 001 je
11 011110010 dou 1001 11000, 001 11 1110101001 11 01 1010010011010101110 11001011 100010
0 1 1000 1101101. 1101010111 10110011010000 001010 11101 pour mon 1111111010 pour 0οο
11001110110101110001111101011111100110(1000101000110101010010111οὓ0111010011οΜ0110
11 1101100 1111100101 0 100011001ωο que il 1010100101010111100001001(101001000110
11 10110 (100011010111001 10 010101110 0101110 0110. Ε1 11010100 100 001 00οἰ 10 01011000 10111
1000110010010111000, 01 111 0001 00011001· 1000(10001101010001,1011100110111000111100

’ 111001 1 100110 1010010, 110 10111010, pour 011000 qu’il 010 00011001 11110 00 10110110

11 0101001110, 001000000111011110000011010000000. n

110010110001001 101010110 00110 10011101οο01 01 1001001010. 11111000111011111011
0010011010111011101111101010010,01001010011001100110111011101001. 11001 00101100-
101111100 00110 1101011 011111 111001 que, 00 10 pais 00 1100100 1010 10001010 101111,
11011111001101001 11000 1101000, 0111 0111110101οο 11000, 0101111 (100110010000100110 0111-Ι
001010ος 01 1001 qouque 011 cinqen 1111001 0010010000100111, 01 0011 pour 101011010·Ι
0100110001. 1101000 00 (1100100111, 1010 que pour 11011101. Ε11100111 li 0111110101οι 01

01100, 01 1110111011 01 0000111011 11100, 000101100 qu'il 101011 001011001110111110101110 ,

001011.1111010101111100011111 001000101111101010 100 11000 11 000010101οη1 11 molt
1010011010,οπ 11 0110 001011 11 conestables 01 11001101 11 0110011οΝ1110110011. 11001
1010001 0110011000 00010 0000 00 001111. 111101101101101010111110100011 0111111010 11001 Ι
11100, 011 101 111011011,1100 11000100000100111111011111101 qu’i! 10 000100001011 111011
1010011010. 1100110110100111010 ’1101111000 ⁸ 11 0100010100 101100101101011011 111011
, grant 11000001, 0111010 10 00010000 101001 10001 01 01 1101110010 00001011000110
00 00 11011110 ⁴, 01 10 10100110 110 101010001οη00, 01 101101 000110001101111100, 01
1100110100 0001100 11001000 0 10 1010010110 10 0011101110, 01 000 11100. , , .

01 10111011 00110 1011111011 101010 pois 01 bone necorde : 1001ορ11111οο 1000110,1
100000 10 1001101 001110000110101 6110101110 0110801101, 01110 10100 gens 111
00101001 11110 01011 11011101οη10 110 001010110 10110001 1101 001001, 010001 11 10
puis 0001101 1110110 00011100010. 11011111 puis 00 1001110011 (1000011011110110100111

ι10011011οη1,100101010οι1 y 01110160 1100 00110 1101οι110 10 11101101.
¹ 1101100 10110 carceri. · emt-Mire, 10010 1111100 regent 110 8010111-
ι1111011111010, 100111011011, 0001001100 00 que.

0110111 0100 1’1’11111111111111,10011100 1010, 01 ’50111110

ΙΙ. 25

 

