PAR GEOFFROY ΒΕ11111111-1111111101Ν. 117

1111111111. 11111 11111111 111111111111111111111111111111 111 111111 signum 11
11 1111111111 111111111111111,11111 1111111 moult grant 11111111 111 1111111, que
1111111111111111 1111111 11111111111111 111111111111111. 11111 lor 1111 moult
1111111111, 11 1111 3111111111111 11 1111111111111111111111 gens 111 1111111 1111
11111111111111 1111111111111111 1111 ¹. Enki 11 grans li guerre enlr‘ 1111.
1111111111111111111111111111111111111111 1111111111111181111-(111111 111-
111111111111111111111. 111 1111111111· 1111111111111 1111111111 11811111-Μ1111111111.
1111111111 11 1111111111 111111111111111111111111 11111111. 1111111111111111111·
11111111 111111 1111111 1111111 Ν111111111“ 111111 nour 11 goutte de 1111. 1111111111111
11111 11111111 long de 11111111111111111. 1111111111 (11111111 111111 11111, 11111-
111111111111111.111’111111111. 11111 11 1111111111111 111111; 11 11 gannirent 11 11-
1111111111111 1111111111 11 11111 marche 1111111111. 1111111111 1111111 1111111
1111111 1111111111111 11311111 que 1111111111111111111 Auen-0⁸⁴. 1111111 11111111
1111111111111111111111111ΙΙ dont il 1111111111 11111. 1111111111111 11111111 11111111-

tre 111111111111 guerre 11111111 111 1111111111 Ε11’1111111111 11111111111111111
11011111111111111 poi degent ς 111111 11 11 quens 11111 11 Β11111111111111 Η111 de
Saint-Pol qui 111111111οωί1111111111 11111111 11 11111111 11111111 1111111111 11
1111111, 11111111111111111111 1111111 11111.

111 111 11111111 1111 uns grane 11111111 11 8111111 11111 11111111 11111111111
111111 1111111111 1111111111 11 autres passages. 1111 passage 1111 1111111111 dou
Ρ11111111 1111111 11 111111 1111111,111 cousin 11111111 111111111111 11111111 111

1111111111111111111111111 111 venue. Ε11’1111111111111111111111 1111111111111111
111111 moult 1111111111, 111 11 11111111111111111111111 11111111111111; 11 moult
1111111111 debono gens 1181111. 111111 111 s'en 111111111 11 ’11111111 ² et
1111111111 111111, 11 Γ1111111111111111111 · 1111111111111 11 111111111111,

’1111111111111111111111 11111111. 1111- 1111111111 111 11 111111 1111 (11111111111111
11111111 11111111. 1116111111 111 11111 111111- 111111,1111111111111111111111111111111111111-
1111 11 1111111111 1111 111 1111111.11111111 11111111111111111111111,1111),111111111111
(1111 1111111111 1111111 11 1111111 11111. ι 111 111111111111111111111111111 111111 11 11111
111111, 111’11111111(1.5), 111 1111111 111111 1 pris 11 1111111111111111111111111111 (11111111,
11111111, 111 11 11 1111111 1111111. cela 111 1111111111),1111111111111111111 11111111
1111111111111111111111111111111,1111111111 111111.

1111111111111111111111111111 11111, 1111111 ⁸ 11 11111 111111 11 11111 11111, 111111111111
11 1111111111 11 11111 1111111111 111 111111 111111111111111 , 11111 11 1111111111111 11111
quo 1111111111 111111111111111 101111111. 11 (11111111, 11111111111111111111 111 111111111
11111111111111111111111111,1111111111111111111 11 11111111111111. (111111111111111111, 11
111111 111 11111111111111 1111 11 111. 111111, 111111 1111111111111111111111111111111111111
1111111111111111111111 1111 1111111111111, 111 (1111111111, 11 111111 111111111111·1111111
111111111-11 11111, 1111111111 111 1111111111 11111111 111111111111111, 11111111111111.

111 111111, 111111 11111111 11 111111 111 11111- ’(111111111111111111 11111111111111112111.
1111. ι ’5111111111 11111111, 11111 11 Tem-sainte.

Ι1111111. · 1111 111111 11 (1111111111 11111111111111. 11

*1111111111111111 11111 11 11 1111,1111111 1111111 111111111111 1111111111 111 1111111111
1111111 11111111. 1111111111 11 111111 111111 11111111 w 111 11111

1111111111 11111111, 11111111111111111111 11111,

 

