186 CONTINUATION

1110111100 10 10101 01111001011110011100 , 0100111011 1100101 01 111010 1110110001 001
peres 1101 010101101010111101111, 10 (01(101110111110, 0110011111(1011001110001101100001
01 00 001101 00 0011111011 1010111000 (10110100 0001101010 cesar, 01 11010101 Cesar
(10000010. (100 vous nimie-jou? Li 01010101011100101110001100101011011 80100110,
que on (101011 (10 11 10011, 01 10010 10 10110 (10010100101110 001011100111011101111110000
0001101111 001101 0011101 0110110100001100 11 1100111011 10001001, (10 10011101)ιο (11011,
0000 001 0001101111 1 mais 11 quens (10 11000-11100110 fnit gannii- conire 101. Li 001110-
1010011 01001011011110100 paneri 101, eiii respondi 1(’11 n'i 1001011 1100, 00111
1010101100 01100001 bien (100 11 00 (1011 (10 11000 11011111 10 10110, 001101 11011110 ,
01 0001 11 (11001. Ei (1000111 0100010100 01000, 0100 10 01011 (101000,
1100111011010010 (10 10 1011111111 01 0010010011 0101010100 1111100111, 0111 0101

(1011Ιο00100 (10 Β100(101 1101, 0010001111 mie 00 00101011 10011 1101101010 100 10111- ’

bars, 01001001011011101100101 010101000100100 1 000 (11011 01100011 001 10111,
00 (1101, 1110011 01100111 [0111 d 0011 1000101, ne (1011 (10011 10011000 00 0011 ⁴. Wi-
100000, 11 freres 1101011010001, vini 1 Dragmos {un 0011 00000110 00011010 01001
1101 chevaliers (100 11 0101010100 01011 1011 aler 01000 1110100.

1101111110011, 0011001110 10 vous 011111, 1101 11 0011010100 00 0011 01 1001.
Trois 100101 0010011101 01 (10001 00 vini 01 quart, 11000 010 110 111110· 01110100·οι
100101. Doni 1100000110 00110 01011010 11011011107 ki 1001 00101001010111011 01011
0010101101( , quant 11 0101010100 10 vii , 01 10 00100, 01101011100101, 0111010100·
011001 (0010 nou 0010 mie de 0001. 101 1010001011, quani 11101001ηο1 01 vinti 10

Serre ··, 011111 1001001101101011, pour 1011 1100000 (100100010011010011100 11000100·
11011 01011110 (10118010011001 011 1100110οζ101 ninii, (10011001ὴο11 00 1111001110οῑ
0010-110.

1101010101εο 0110101101ιο 01110000 00 dum 1101001011 (1000001 10 (111010110011000010
00 11000000 00110110011001111 011111 10 0011 00 un 11010. Et 1001001010101 1 1101-
111100 ··, 0001000 110110 011010 1101001000 11108110010100 (11111100 1 50100110 011

⁴ 110011 (10101000100000001 plus 01001001 100 ’2101100
’1111011011 0 vus (100 001 ceux qu'iin 100. ' 11110 (10 1101001110 (10 canosa, selon 101
’ 11100111οῑ0, 1110101101, qui 01011 1110000 000 1011100 (10 110110 10000001 111. (L. 11111. ip. 111
dile (10 11010101 11, (0011101010 1001-101101, eiiii.)
comme 10110010 (10111001001011111. 111111, 0. 1). ⁸ 80111110.
00010010100010100101101111(10 0001 (10010 ”Cede 101110 1111110 001 1011111010 (1000 10
(00111010 110011οο0 101011 0010011 rigent (10 0011010101100, 11101011 0001100001100100010.
1010000101110010101111100 10011001 10 (01001111 1111000 10110 1011 pris (10 1110110 10 00100000, 10·
(10 100 fin. 110011111100 00 00110 (1001110110 10010101101000100100-(100001101010010111000
111001001011,Βο111100,(1001000101110(11000 pris (100 101001 (10 contessa, (1000 000 00110
0001111, 1 110000 11111 11101010, 1. 1, 11. 116). grosse 1111110 qui 111101001101001 1101100000·
ι comni (10 1110011010, 11010100 Thessalonicensis 10 0001110001οε00. cette (10101110 notin] 0001110
regni· , · 1000001εο 10 0010 (10 51101110, 000100 Strymon.
*10001011 101100101 00000 0010 (101 001100- ¹⁰ 10 strymon.
, nonde 00 0001 du 10110. ΙΙ(1101111100, (1 10011110 1 (1000 110000 (10
⁴ 110111001111011001001000. 8010011100 00 descendant 10 (00010100 i v. 10
Ι[110010. 10110 (10 1101101100 01 10 indm. (10 10101. 102121.

 

