111 1111111111111111111111111,

111 11111111111111 (111111, 11111111 1111 111111111111 11 111111 1111111 11111111
Et 11111 11 111111 11111 11111 1 111111 1111. 111111111111 11111 11111 1111111 111111,
1111111 111111111111111111111111 ¹ i 1111111111 111 11111111111111111 pm·
1111111111 11111111,11111111111111111111111111111.111111111111111111111111
111111111111,11 1111111111 11111111111111, 111111111111111111111111111111111 ’
11111111111111111111,11111111 1111111111111111·,111111111111111111 1111111111
11111111111111. 111 111111131111111 1111 111111. 1111 11111, 11 1111ρὶ111111
1111 11 1111111 11 1111111111111 1111111111 11111111111 11 1111 1111111111 111
(111111 11 1111,1111 11111111 1111111111 parmi 11 11111 11 1111111111111 11111 11 11·
1111 1111111111ἱ 1 11111 plante. 11111111 1111111111111 1111111111 111111 111 11111111
1111 11 111111111111111111111111 de 11 1111111111111111111·1 111111111111111111.
111111111111111 os 111 11111 11111, 11 111111 11111111111111111111111111111
1111111 11111111 111111111 1111114111 11111111111111 111111111111.81111111111111 ¹
1111 11111111 111111111 11111111111111111111111111111111111111111111111111 ³
1111111111 111111111111111111111111111 11111111 111 11111, 11 ’111111 de 11111111,
111 11111, 11 61111111111111111111111111111.Ι111 111111 1111111111 111111111-
1111 111111111111,11111111111 deden· moult 111111 1111111111. 111 quant 11 1111
orent 1111111111ιηὶ 11 1111111 11 111 111111 11111,1111111111111111111111111 111111
1111ς11111 11111 dou 1111 1111111111 111111111111111,»11 111 111111 1111111 11111
11111111 11’1111111(1111111111,11111111111111111 111 (1111111111μ1111 111111
111111111111 1111111111111 (1111111111 1111. 11111111 111 11111 111 minut
1111 1111111111,111111, grant 11111111 11111 11111111 1111111111111 parti 1111111·
11111 111111 111’11111111·“111111111;11 11111111111111 1111 11111111111 1111111111
11111111111111 1111111111111111. 1111 1111111111 11111111 1111 1111111111 11 1111
11 (1111111 11111111,11 11111111 11 1111111111 11 1111111111 quinae . 111111.
11111111111111 1111111111 1111111111 do 111111111111111 111111 1 11 Sem-m*
111111111111111111111111111111 11111’1111111111111·. 11111 11111 11 11 1111111111

Ι111 1111111111 211 11 111λ 1111111111 11- 1111111111, 11 1111111 1111111111111, 1111111
1111111111111 11111 11111111 11 1111 11111 111111 (111·111111111111 111111111111111
1111111 11111111 111111 1111111111 111111 111111 ’11111 1111111 prend 11 111111. so 11 1111111111
11111 1111111 1111111111 1111111111 1111 11 11111111 111111111111111111111111111111
111111111111ς 11 1111111111 unt 1111 11111 11 11111111
1111111 11111111,1111111111111 111111 11111 ι1111111. ,
1111111 1111 1111 ι quo 111111111111111111111 ⁸ 11 11111111. 9611 1111111111 1111 1111111111
1111 1111111111 1111111111 11111 1111111111. 11111111111111111111111111111 11111111
11 1111111111 1111 11 1111111111 11 1111111111 1111’11111116,1111111111111111111111111111111
1111 11 11111 11111111, 11111111 1111111 111111111111111111111111111111111111111111
1111111111 1111111111,1111111111111111111· 111111111111 1 1111111111111111
1111. ι ,111 merere 11 111111111111111111111111 ⁴⁴⁵⁶, 1111 11111111. ·

11111 11111 1111111111111,1111111 111111 111111- 111111111 1111111111.

11111 1111 11 111111 111 mmmm 1111111 ’111111111111111 1111111 anatem
1111111111 11111. (11111 1111111111 111 11111111 11111111111111 11111111111111111111111111111
11111 111111 du 11111111. 11111111 11111111111111111111

 

