111 111111111111,

11111111111111111111111111111111111 11 11111111111111111ς 11 111 11111111 111
que 11 11111 1111111111111 1111111111, 1111111 111111111111 111111 111111 1111111
11 1111111111111111111111111111 droit, 1111111 11111 11 11 111111 1111111111, 11
1111111111 meismes, 11111111 1111 111111111111111111111111. Quo 1111111111 111
11111111111111111111111 mant¹ 11111111111 1111111111, 1111111111 ont 111
1111111111111111111111111111111 111 1111 11111111 en 11111111 : 1 8111111, 11111
1 11111111 11111, 11 11 1111111111 1 11 sien 11111 qui 11 11111111111111 11 11 1111
«11111111 1111111111 1111111111111111111111111, 1111 primes 111111111111 1111
111111111111111 11111 1111111111111111,11111 11111111, 11 11111111 11111111 11111
«11111111. Et 11111111 1111111 11111111 111111 1111 111111111111111111111111 ³
« 11111111111111111 111 11111111 1111 11 11111 1111111111. n ξ

(1111101111111111111111111111111 111111, 11 1111 1111 1111111 que gram
111111111111111111. 1111111111 1Μ11111111 : quo 11 1111111111 11 1111111111 11111 1
111111, 11 bien li 11111111111, 11111111 1111111 11111111 1111 111111111111.

11111 11 1111111 1111111111 11 111111111111111111111111111111111. So li
111111111111 11111 1111111 1111111, 11 111111111111111 1111 1111111 11111111 11
111111111111111111111 1 Ε111111,1111-11, 1111111111 111111 11111, 11 11111111 111111
«1111111 11 11111, 11111 11 1111111111, 1111111-11-111111111111 111111 11111
«111111111111111111’. 1 ι

1111111111111111. 1111 11111111111111111111111111111111111.
1 10! 111111111111111111111111 611111111111 1111111111 1111111 1111111111 1111111111 111111
1111 (31111111111 111111·11111111.1111 111111 11 111111 1111111111111 11111111111, 111111

1111111111111’11111111111111111111111111111 11111111 1111111111111111111,111111 mmm. 1

(11111111111111,11 111111 mo, 1111111111111 11 111111 1111111 presbytero· 1111 111111 111111,
111111111111111111111111111,111111111111. 11 quondm 11111111 11 1111111111 11111111
111111111111111111111111 1111 111 1111111 1111111111, 11111111111111 1111111111.
11111111 1111111111111111111111111.1.1111111 ι 11111111 11111111111111 1111111111 1111
1111111 1111111111 111 11111111 111111111111 1111111111111111111 1111111111. 11111111111111
chronique 11 Vtile-Haradu 111111 qut 1111- 1111 1111111111111111111111111,111111 11111
moneant 1 amm 111111 aa 11111 1111111111ι1ὅ11111111111111111111111
cmm. 1111,111111111111111 11111111 ι11111 qm
111111111111111111111111111111111111111, 1111 1111111111111111111111111111 11 1111-
patriarchati· 1111111111111111. 11, 11. 111.) ι 11111111 1111 11111 11,111111111,111111111 11111
ι Ex 111111111111111111111111111111111 111111 11111111.
11111111,0111111111111111111111111111111111111111 u (11111111 11 Grec! 111111111111 imperim
111111 111 11111111111 1111111111 111111, 111111111- Romule, 11111-811111 1111111111 1111 1111111
1111 111111111 quun 111111 111111111111111· 1111111111,111111111111111111111111111111ὴ
11111111 111111 1111, 11111111 11111111Ιοὶ11 11111111 1111111111111111111111111 111, 11 utqu-
1111111111111111111111111111111111,111111· 1111111111111161111111111111111 1111111 11
11111, Almonem 1111111 comestabulum 1111 1111111,11111111Ι11111111111111111111111-
11111111111111111111111111111111111111,11111· 11111 Terre-sancte 111111111111111111, 11111
1111 11111111111111111, 11111111 1111111111111· 111111 11111111 1111111111111 11111111 81111111
11111111 quibusdam 1111111111111111111, 11- 11111 11111111111110111111111111111111 11111-
metabulum 1111111111 111111111111111111111 1111 (1111111111 1111111, 11 1111111 111111111111
111111111111111111111111111111111111111111. 1111111,11 111111111 111 1111111111111111111-

 

