Ρ11110111101 DE vum-manum. 1311

1111111 (11111 11111111111111111111111· 1111111111 11 1111111 (111 1111 111 (111·
11 111 (111111111 1111111111111 1111 1111 1111111111 (11 (111111111111111111
ἱ111111111111111111111111111111111111 11111111 (11111111. 111111 1111 11 1111111111
11111, 11 111111111111 11111111111111- 111111111111111111 11 1111111111, 11111111
11111111 (11111 111, 11 bien 11 (111111111 (1111(11111111111111111111111111111111111
(1111111111111111111 11 111111 come 11 11111111 1111111 grans 11111111111111
11111111. 1111 1111111111111111111111 1111111111111111111111,111111111 1 11
(11811111111111111111 (111*11111111111111 111111 11 1111111111 111 111 11111111 11
11111111111,1111111111111111111111111- quant 11 111111 11111 (11 11 11111,11 11
11111111111111 Venisse 1 111111 11111 1111111 (11111111 11111 1111. 8111 11 1111
11111111 1111111111. 11111 1111111111 11 gram 1111111111, 11111 111111 (1111111
1111111111111111111111,111111111111111- 111111 11111111, 11 111111111111111111
111, 11 11111111111111111111111111111 11 1111111111 1111111. Enni 1’11’ 1111111111
111111 (11 1111111111. 111 11111111 (111 111 111111111111111111111111111111111 11 ’
1111111111 grant 1111111111 grant 1111- 1111111111111111.Ε11111111111111111-
1111,111111 11 11111111 (11161111. Emi 11,11111111111111111111111, 1111111111
(111111111111 1 11 1111111 1111111111 11 ff 11 111111111111111111 11111111111111111
111111, 11111111111111111111111 1111111 ’ 1111111 1111 111111. 1111111111, 11111111-
1111111111111111111111111, 11111111 chi! 11111111111111 (111 1111111 n’en
(1111 ,11111111111(11111111111111 1111 ’11111111 11 11111. 11111 (1111 11 guerre
111111111111’1111111111(111111111 1111111 11111111111111111 11 1111 (111 11111. 111
111111111111111111111,11111111 1111 11 1111 11 111111111111 1111111 (111 11111
111 (1111111111, 1111111111 1111111111 11 grant 111111 3 11 1111111 (111-111 grana
111111111111111111(1111111111111111 1111 11 111 1111111111 111111 (1111111
1111111. 111 molt 11111111 1111111111 11111111111(1’1111111111(1’1111111111(11
1111111111. Par le 111111 11 (11111111 111111111 111111111111111111111 vens
11111111011111 (1111111111 11 111111, 1111111 1111 monta 11111 (1111111111 11
11111111 1111 11111 11 111111111111,11 1111111, 11111 1111, 1111111 1111111-
(111111111 11111111 : , (1111 111 11111 11111111111 111 111111 1111
1( 8111,11111111111111111111111 1111111 11111111111111 molt 11111 11 -

1 1111111111 (1111111111111 11 (111 (11 molt 111111, 11 ke 11 1111111111 111 1111111 -

«Venisse. 111 11111111 (111 11 1111111111 111111111111.Ε1111111111111111111111-
1 11 11111111 (111 11 111 1 1111 1111, 111 1111111111111.11111111111111111111111
1 11111111111111111111111111111111111 11111111 armes (111111111111. 1111111-
1 1111111111. 81 1111 1111 1111111111 11111111111111111111111,1111111111111
1111111 11111, 111111111111111111111 ’111 111111111 1111111,11 11 111 111111-
11111 111 111 11111111111111 ne leur 111111111111111111 [11111111111111-
1 1111 111111111111111111111111111111- (1111. 111 111111111111111 11111111 11 111-
« 11118111111111111111 11111111 1111, 11111111 (11 (1111111111,111 11111 11-
111 111111 1111 11 1111111111-1111, 11111111,(11111(1111 gens 1111 mer 11
1 volant 1111111111111,111 1111 1111 ’1111111111 mins, 111 111111111111 galion
1 11111 111 11111111181111111111111, 11 1111111111 (111111, 11111111111111 111
1 1111111111 11111111. 111 11111111 111, 11 11111111111111111111111,1111111111111
1 1111 1111111111,11111111111111111 111 1111 11111 (111111 111 anemis 1111
((111111111111111111111,1111111111- (1111111, 11 111 1111111111 1111111111 11
’1 1111111111111111111111111111111111- Β11111 , 11 1111111111111 1111111111 111-
1 1111111 (111111111111111111 111111111111 111111 111111111111111111 1111111111111

. 1 (1111 11111111111111 111111 11111111 11111111111111111111111111111111111

·1 (111111 11111 111111111111(111-11111111 1111111111111111 grans (111111111111111

1 1111111111111111111111, 11 11111111 11111111111111111111111 : 11 en 11111111 ’

111111111111111 1111111111 111 11 1111- (1111111111. Ε11111111111111 (11 1111, 11-
1 1111. 1111 11111111 11 11111 (1111111 11111111111111111111111,111’111111111
1 vous 11111 (1111 11 1111 11111111111111 11111 1111111111 111 11111111111111111, 11
«t 111 11111111111111111111111111116111 11111111111111111111111 11111 11111111
1 grant orguel 11111111 outrage 11111 111111 11 1111111111 (111 11 (1111 11111
(1111111111 (1111111111111111 (1111111 1111111111 11111111 111 (111111 111 111111.

 

