116 ’ “ 6011111111111011,
1111111 111111111111111111111111111111111111111 111111111111111 1111111111 1

1111111111111111111111111111 1111111111 11 11111111 11111111, 111 1111111111111111-
11111 1111111111 11111111 1ς11111111 1111111111Β111111,111, 1111 1111111111111111
gent, que 1111111111111 111111 (11111111 11 111111 : «Gar li 11111111ιί11 111111 11111
1 (111111111111, 111 11 11111111111111. 011111, 1111, 1111111 11111111111111 1
ι point. 11111 1111 11 (11111111111111 11111111, 1111111,11111111111111111,11111 il
1 11111111111111 1111111111 1111111111 (111 11111111, 11 111111111111111111111 111
1 1111111111, 11111 111111 111111111111111, 1111 11111111 1111111111 11111111,
1 11111 1111111111 1181111 11111111111111 11 1111111111111,1111111111111111111111
1 1111111111111. 1111111111111-1111111111 11111111 11111111,1111,(11111111111
11111111 11111111 11 1111111111111111111111111.11 1111111 1111111 bombus 11111
a 11111111 11111111811111111111111111111111. 1111111111 111 1111111111111111111 1-
111111,11 11111111 11111111 111111111111111 1111 11 111111111111111 1111118111, 1111
11111,1111111111 111111 11111111 1111111111111111111111111 1111111111 111111-
11111, 1111111111 1111111111 1111111111111111111.8111,111111 11111111111111 111
1111111 11 111111111111111 11111 : 1111111111 11111111 1111 11 11 111111111111 111
1 11111111 1111111111. 8111, 11111111111-11 1111111111111111111111. 1

111 11111 1111111 1111 1111111111 11111 1111 11 111111111111 11111 11111111 11 11
111111-111111111011111111111111111111111 qui 11111 111111111 11111111 1111111
· 11111 11111111011111111,111111111111111111811118111111 1111111111 1111,
1111111111111111111111111111111111 111 111111. 1111111111 11 111111111111 1111
111111111011111111, 11111111111111111 111111111’.Ε11111 1111111111111111111-
11111111111111111111111111111111111, 1111111111111111111,11 1111 11111111, 11
1111111111111111 11 (1111111111111111 1111111111 ;1111111111111 111 11 111111 dire
ne 11111 11 1111111111,1111111111111111 1111111111 11, 11111 11111111 11111111111111
11111111111111111111 1111111111Ρ1111111111 11111111 11111111111111,Ε111111 requi·
1111111111111111111111111111 111 11111111111111111111111111111111. 111111Ι 11 (1111
11111 que ε 1 1111111111 111111111111111, 111 (11111111111111 1111111 (111111111111 111
1111111111.» 11111111111111 11111 1111111111, 1111111 11 1111111111 11111111111111
11111,1111111111111 11111111. 1111111111111111111111111111111111111111111111; puis
1111111111111111111111111111111111111111111111 111 1111111-11111 1111 11111 que

11111111111111111111111111 111111111111111111 111 1111111111 1111111111 111(

1111111111111111111111,111 (1111111 11111 1111 1111111111, 1111 1111111111 111111
1111111111, 11 11 11111111111111111111111 1111111 ⁸. 111111111111111111 1111111
111 11111 11111111111111111 1111 11 11 111111111111111111 baron· 11111111 1111-
1111111911 1111111111 111 1111111111 1111111111111111 1111111111. Ε1 111 111 111
tergum 1111111 1111 11111111111111111, 11111111 11111111119111111111111111
11111111111111,111111111111111111111. 11111111 11111111111111111111,1111 eone

Ι11 111111111111111111111. · 1 1111111111.

’111 Graes. ¹ 111 cml. 1111111 111 „uuum 1111111
1 1111111. 111111.

 

