111 1111111111 11 11111111111111,

11111111111111111111111111111111111 1111111 111 1111, 11 111 parii 1111111111 111
11111111111111 111111 111111 11111111 (111 11111111 11 1111111 (1111111111. ’11111111-
11111111111 11111111111111 111111111111 1111111 qui 1 111 Ρ111111111. Ei 111111-
111111111111111 11111111 11111, 111111111111111111111111111111111111 1111111111,
11111 11111111111111111111111 ei autres 111111. 11111111111111 11 111111111ίί1 11111111

11 111111 111111 11111 1111111111111111111111111111111 1111111111 11111 1111111111.
01111111111111 ichi de Henri, le frere 1111111111 11111111, 11 1111 1111111 111

,1111111111 111 11 Serre 11 1111111,,111111111111 1111 11 1111111111111111111111111
111 1111111111 111111 1111, 1111111111111111111118111111111 1111111111111111111111, 11
11 gasti grani partie de 11 11111 11 11111111.1111111111111111111111 du moni-Peirai
11111111111111811111111 11 1111111 1111111 deson 1111111 111 11111111 estoit, 111111

1111111111 1111111111 1111111111 111 111111111111111111111111 pius de 1111111 111 1111111
111111111111111111,111111111111111 1111111111 1111111111-11111111 111 Pige de 11111111. 11111
(1111111111111111111 1111111111111111111111- 1111 1111111111111111111, 111111111111111111 11
11111 111111, 11111111 1111 1111111, 111 111· 1111111111 11111111111111111111111111 111 111-
111 1111 111 1111111 pierres 111 111 1111111111 111111111111111 moris 11111 111 1111111111
11111111111111111111.01111111 1111111 dedans 11111111111; 11 111 111 1111111 111 11 1111111·
11111111111111111, 11 11111 111111111111 111 1111111111 1111 11111 11111111111111111111 un
11111111111,111 1111111 grande 1111111111 111 1111111111111111111111.011111111111111111111
111111,11111111111111111 11111111 11 1111 d'un 1111111111 1111111111 111111111111,11111111
1111 111 pierre. 11111 1111111111 (11111111111 1111111111111111111111111111111111181111111,
11111 1,1111111111 1111111,1111111111111111111 111 iurent presque 1111 1111111 11111111. 111
1111111,111111 11111 (111 pius vainans hommes 11111111, 11111111111111111111 1111111111, ii·
qu’iis 1111111 11111 leur 111111 11111 111111- 1111111111111111111111111111111111111111111111
11111111 1111 1111111111. 11111 11 1111111111111 111111111111111111111111 1111111111 Propon·
11111111111 111 poni-levis. 111 1111111111111111 11111111 11 construite 1111111111. 111111101-
1111111111111111111111111111111111111111- 111 111 11111111 111 nvait 1111 111 11111111.
11111 11111111 111 11111111 1111111 1111111 i Quanti 11111 111111 1111111111 11 11111111111111
111111111 111. Le 1111 :ini iurieun 11111 111 1111111111 1111111111 11111111111111111111,
1111111111 1111 1111111111 11111 111 11111111 11 11111 111111111111111111 111111111 1111111111
11111 11111111, 111 111111111111111111111111 1111111111. 111111 111111 1111111111111 reconna, i
1111111111118111111111111111111111111111111 1111111111,11’.111111111111111111111111111,111
11 1111111111 ,1111111111111111111 1111111111 111111111111111111111111111111.11111111111111111
1111111111, (11 11111 111. 11 1111111 111111- 111111, 11111111 1111111111111111111111 111-
1111111 111 11 11111111 11 11111 11111111 111 11 111111111111111111 11111111111111 1 111111
11111111 111111 de leurs 111111, 11111111111111 111111111111111111111111111111111111111111-
13111111111111111111111111111 11111110111 11111111 1111111 11 1111111111 11 1111111111111-
111111 1111111111 pour 111 11111111, 11111111 11111111111111111111,11111111111111111111111.
1111111111 11111111111111 1111111111111,11111 Si 11111111111111 1111 111116 durani 11 11111, 11
1’1111111111111 1111 111111111111111111 11 (111 1111111111111111111111·111111,111111111111111
1111111111 11111111 1111111111111111111 111· 11 1111111 111111 avertissement 111111111, 11
1111111111111111 11111111111111111111111111- 11111111111 111 1111111111. 1111 1111 11111 1111
111111111111111111 1111111 111 111 1111111. ce 11111, 111 111 1111111111 111111111110111111-
patriarche 111111 11 1111111 11 11111 1 111 corps 1111111, 11111111111111111111111111111111111111
1111 1111111111 1111 11111 111 111; 11 1111111111- 1111111111 1111111111111111111111111111 1111111111 ,
11111111 1111111 111111 111111111111111111111 111111111111111111111. ι
(1111111111. 1111111 rasi 11111 1111 quii 11 111 ¹ 1111111111.

 

