1111 11111111 nn 111111111111. 11

1111 1111 1111111111 1111111111 1 111 tour. Et 11111111 11111111 111111111111111,
111111111111111111111111111111111 11111111 1111111111111 it ont 11111111111111.
1111111111111111 111111111 le 1111111111. Li 111111111111111111111111111111111111111

devant 1111111, 11111 1111111, 1111111111111 11 tendunt 111 11111111111111111.
Enni (temnunt 11111111111111111111111 11111111.

Lon 11111111111111 111 111 11111111 1111111111 1111111111.Ε11111111111111 111
111111111111111111111111’11111111111 1 1111111111. Si tutent 11 11111111 111 11111111 mun
111111 111 111111 n’avoit 11 11111111.1111111111111111111111111111111111111111111111.
111111111111111111111111111111 droit 111. Ε1111111 111 1111111 11 11 grant 11111 1111·
1111 (111 11111 et 1111111111 111111. Enni 11111111111111111111111111, 11111111 11111111
81111111111 11111 un 1111111111 nnete 1111111111 othonna 111111 11 1111111111111111

1111111111111 11 11111111111111111. Ε1111111111111111111111111111111,111111111
1111111111 tt Ρ111111111111 autre 11 Paravit ⁹, 111111111111 11 tour, 11 111 1111111

1111111111111 111111111111111111111111111 111111111 1111111111 11 11 11111 1111111111, 11
111111111111111111111111 11’111111111111111111 11111111 1111111111111111111111111. 11111111 1
11111111111111111111111 1 1111111111 11111111 111- 1111111111111 11111111111111. 1111111111 111111
111111111111 111 11 1“111111111,1111111 11 111 111 1111111 111111 11111111 11111111111,111
111111 11111. 1 11111111111111 11111 111111111111 1111111111111111111111 1111111111,111111111)1111
1111111111111 11 sens, st tn phrase salvante du 11111111 11111111111111111 111111 11 111111.
11111 11 11111111111111 111. 1111111111,11111111111 1111111111111111,111111
’151111111111111;111,11111;1·1111111111 tout 11111111 111 111“1111,1111111111111111
11111-111,1111111111111111 111011111111111 1111 11 11 1111. 111 1111111 111111111111
111 noym. 11 1111111 11111111111111 111111. 1111111111111 11111 111 11111111, 111 11111111-
·11111111.111111111111111111111111111111- 1111 11111111 11 terrent 11 11111111111.11111
1111 11111111 1 111111 111,111111111,11 quanter 111 111 111
⁸ 11111111111111111111111111111111111111- 1111 11111111, 111 1111111111 tontes 111 11111111
1111111111111,11 11111111, 1111111111, 11111111111111 111111111111111111111
1111 1111111 111 tut 1111111111 1111 11 111111111 (111Ἰῦ (1111111111ιι D¹¹¹¹¹S¹¹¹⁰· ⁰² ¹⁰ 11111βὲ11111
et en 1111111111, nom temporum& 1111111 de 1111111111]110111111111111Ρ111111101111,111111111θί1
111111111. 11111 11111 que 1111111 1111111111 11111111111111111111111)1111111 ο111111 ¹¹ 1111111ᾱο
111111 subtr n 1111 ne n 11111111, 11111 nnquernes ·············
11111 1111 1111111 1111111 11111111111 111111 ιι’0111111111 111111111111 Pe¹¹⁰¹¹¹¹⁰¹⁰¹0 Dm·
11111111, 1111111111 1111111111 11111111111- 111111011111 1011111111, (1¹⁸ 111 1111111111 ἡ·

111 111111, 11111 1111111 qut 1111111 111111 111111111111111· 1011111111111111113 ¹¹⁸ 1111116·- ·

11111111 111-1-111 1111111111 111111111111111111 1111111111η 1¹⁰¹¹¹ 111110111111111111· 1111) ¹¹
11 11111111111 1111111111111 1111111 1111 une 8¹0¹¹¹ 6111111111 (1111111 ⁸¹ 111 G¹¹¹⁸ ¹¹¹¹! ¹⁶¹¹·
1111, 1111111111 1111111 11 11111111, 11111111111 1111111 (1111 1¹¹¹ ¹¹¹¹ b0¹¹¹¹e¹¹¹ ¹¹¹¹¹0¹d¹¹¹¹¹¹⁰ ⁰¹¹
11 11111111,1111111111αοςοῃηῃῃωψοῃ, 111111 att-devant d'eux 1111 11 croix 11 111
1111111 11111 111111111111111111 meme, un 11111111 111 sannen: 1111 111 11111111 comme
11111111,1ο11111111111,111 avan 111 111111 en 1111111111,1111111111111111111111111111
111 111111, dont 11 1111111111111111 1111111111 n’amotltt 1111111111 111111 111 1111111 11111
111111 1111, 11111 1111111111 1111 11111111 11 1111111111.11111111111,11111111111111111111
111111111 111111 toute 1111 111111,11111 11111 11111111111111111111111111 1111111111 11 11 1111111
1111111111111111 11111111 1111111. 11111 11 11111 11111111 11 11 1111111111, 1111111 11111 11111
1111111 111111111 11 11111111 11111111 11 1111111- nna, 111 11 11111111 1111111111 11111111 11 111
1111,111111111111111111111111111, 11111111 1111111. 1111111111, 1. 1 113.)

 

