1

11111111 111111. -11111 11111111.

A.-MA1s0N DE LA ROCHE.

Pons DE 1111 1106111.

011111 1111111111, 1111.
part 1111 111111111111 12021
1111111111111111111111111 11 12001
retourne 11 11111111-(11111111 1224,
11111111 11 11111111111111111111111 11111.

Gay 1³, 11 6111111111 1‘1, Une soeur, 11111 111111, 11111111,
1111111111111111111 1211 11111 111 1111111 1 1111111111 11111111
11111111111111111111 11 usu a. 0111111111, [11111 0111111111 1.(111111111111111-
1111111 1111’1111111111Ρ111111 1100, 11111 8111111111 11Μ1111. 11111 1. 1111111
(Ι) mm, 11111 11 11111111121111111110). 1111111111 1111111111.

ffll‘fi’ 610113 ἱζιῖὲηὲ 1111111111111 11111111, 118111101111.

,
1111111111 1111111.

fflfflfflffiffiffi 11. 11 (1111111111, , 61111111111111111111,
mumma 1111111 11111 1192;11Ἃ111111201; 111111111111
11111111110411111111 111111111, 11 1100.
1111 1111111111 11 11111-11111111 11111111 1110.
11 11 11111111 11111111111 (V. 11 1111111 11
1111111111111111 1111111011 11011. 11111111.)

B.-MA1soN DE BRIENNE.

11111111 11.

(1111111111, 0111111111, 1111, 1111111111, 1111111111
111111111111 111111112θο. 1111111 11111111111111111101111.
111 111111111111111811111 111111111111, 1111111-11111111.
111111111111 111111111111
111111 11111 111111, 11
1111111 (1111111111 111 (11111111111111,
11111111111111ἓέἓ11111111
11111111 .

0111111 111, 1111111111,

nunno-53 11111111011111,

⁶8³ss ffirffi ffffl. 111111511111.
”“131ἷ’1“1111ἶ“

1111, 1111111,
Ιοᾝὲἑῖωω· Ἥᾟιῗὲξιῖἓὲἒω
Μιξέιιιιξιθιέιῗιέιδ- ’ 111111 111113ῗὲ111 dm
fffflhffl ,11

“ a. 61111111 V. 1111111111, 1. 111111,
11111111111111011101111; 11111111 1111111111 1101
1111111111111111081 11111111811111, 1111111. ’
111111111111 01111111 11 11091 111 11111111. 11111111 111111.
1 11 mmm ⁸:²53} 212¹}an

61111111 VI 11111111,
1111111111111111111111111111111 111111111111111111111 1110 ;
11111111111111131011111111 11111111 ·

a. 1111111111311111-1111111, 6111111 IV 1111111111.
111111111111111111·

(111111111111111111, 1111111111, 1111, 1111111. Lotus. (111,
111111 1111111111, 1111’11111111; 111111 11 11111, seigneur 111111
11111111 pm. 1111111111111, 111111
· 111111 11 111 11111111.
11111111111111.

6111111· VI 1111111111, Π

111111111111 1111111111110111111, ,

111101 ’ 1111111111111
“ 11116111111181. 111 1111111111.

 

