114 111111111111111111111111

111111 111 11111111111111111111, 111111111111111 gent, k’nttnt 1111111111111111·
nnn 11 11111111111111111 1111111111 1111111111 1111111 111111111111111. Enni
11 111111111111111 1 11111111111 111111111111111 (111 1111111 111111111111111111
11111, droit 1111 1111111. 111111 content 11111τί11Ι 11111, 11 11111111 111 311111 ’111
1111 11 111111ς 11 1111111111111111 111 11111111 111111111111 11 11111. 111111
1111111111 111111111 11 11111 ,1111 jort 11 deus 11111111 111 1111 1111111111111
bien 11111111111111. 1111111 it 1111111111 11111 111111111111111, 111111111111
droit 11 1111111111111111111Ρ1111111 1111111111. 111 ’1111111111 1111111111 111
1131111111111111111111111111111. ’ ’

11111 sn 11111111 1111111111, cnm 1111111111,11111’111 11111111111111111111

· 11011111111111111111111111111111 1111111111111111111111111Μ11111111111

111111111111111111 111 11 gent 11 11 terno 11 1111111111· 11111 1111111111 11111
111111111111111 monstier (11 111111 81111 11111111111111111,·11111111111111111111
1111111111 111111 111 111 1111111111111,1’11 111111111111111, n 11 11 punient
tenir, 111111 11111111 111111111111. Ρ111111(1111111111111111111111111111111111
11 11 gent 1111 111111111111 111111111111111 111111 1111111111 1111111 1111111111
111111 1111111111111111111 11111 it 11111 ponit pour 1111111 1111111111
quant 11 1111111111111111 11111111’1111111111,11111111111111 11 1111111111111111-
11111111111111Ν1111111111. ’ “
(1111111111111111111111 11 111, 1111111 1111111 1 1111111111. ΕΙ 111 11111111
11111 1111111111 111, 11· 111111111,·1111111111 11 1111111111 11111 1111111111
1113111 [111111111111 11111, 111111111111 111 111111Μ11111111101111111111111-
1111111111 Ρ111111 1111111111 3 1111111111111111111 11 11111111111111. 1111111111
1111111111111111 (11111111111111111111111111 11 11 gent, 11 1111111 11111111
11111111111111111111111111. . · ¹ · · ι · · ⁴·
1111111111111111 1111111111 111 11111, Tin-tt 111 11111111111111 111 vernn
1111111111 1111 1111111 nt 111111111111 111111 11 111111. Si 1111111111111111111
1111111111 111. Si 111111 moult grans 111111 nogent 1111111111. Ε1 ni 1111111111
etloum 1111111111111 1111111 1111111111, 11111 111 11 porent- 1111111 11 111.
Μ111 111111 bien ’111111 'de 1111111 gent, 1111111111 11111 1111, 11 1111111111
mont& 1111111111. (111111111111 Pernhoi 11 1111111 11 1111111111. 111 11 11111111

1111111111111, 1111 11111111111 1111111111111111111 11611111111111 Penni·-
11 1111111111111111111111111111111111111·,1111111111111111 111111.11111111111

111111111111111111511111111 111, 111111 11111111. (1111111111 111 Perenni 111
111111 111 un 1111111 ¹, 111111 en 11 mein. ·

11111 11 111111111111111111111111111111 11111111111111 monstier 1111181111.

1111, Ε11111111ς11111, 1111111111,- 1111, 111· ⁴ 111111.
1111111. 1311111111 111 1111111111 111111111111 ’1111111 111 111-1111111 111, 1111111111
111 11111 1111 11111111 1111111111 11111111 11 111111.
mmmm ‘ ‘mm

¹ vome, 11 111111 111 me, 11 1111111111. ⁷ 416, 111111 ⁰⁰⁴⁴· 10111111 ffl· Μ

⁸ (1111111.

 

