AAAAAcAAAA 011 01101 10010 1101 100 0110010110 1100

101010 A de 01110,
EA 00101010 1 0010 1101111,
' , 10111101,

- 101111,
(10011 1,

431

011 0011011101υο 0101111 expensis AAcAen·

01010 0101101110 10 1010 1010100 001101-
0010· 01 1010100111 00011010. Quem

1111110, 000 10101101001011 01101101 010-
010110 omnibus, 101111,0010100 0101100-

BArAAiboA Aoum 00010111 1011001101 0101 1000 00000000111101 0110 00011110-

001 1111 1001,

111101, 000000100101100001111 01001011

1000111 01 0010101111 1110 usquein mercede, ducendcmde Telono Ad 001100

100,110010001 1111Ι 10 010110010,
TAbiAs 8,

01111 01011001, 001110 101 0011111 001110
nunciis 1101111,111001010001011101000,

TernAlAbAAs com AAiAs pluribus 101011- 11100]110000010,10110001001 1100101-

1101 1011111,

0110011100110011 An PArAAAAA 1111101 A ,0110

1110101110 0011100, 010 faciendis 0010- 10100000010100001011010101011001111-

zuAAAAAAA 00 pice pro 100110011001110,
Turno A 01011111,

Pennis 1 0110 00000001111001111111101,

01000 101000100001 1010110111·

11000010011 110010 Μο110,01011001111100
171010110000001000010 00110010 010-
10 00111001100011110101000.

11010 01010101010 01010 10 01010011
0001100111 110110 011001010,100010,00101

1101101· 101100 0011100 compagine 10-10 1100 01011 0001100101 internos 010010-

1101011011οι

101, 1011001, 1110011010 01 obertum 011

vegetibus 10010 0001,0001010 0110- 110100110 eA 101 010010100 00101001
00010001 100000100000101010110,000 110011000 01 (1001010010, nomme 01011
10000110101001001,100111011110 311101- 0001101100ἰο 0101101100110, per 000-

000 10 0010101101371.

1001 1010100101 101000011οῑ00, 0000,

vegetibus Apro 1100, 000 100001 10101 11 100111 00 1111001110 101111 10101101100
001001 010111011011100100011101011- 10111001,100000011010110001011001,
10110010, 0001010 quedem 1001 10010 01 0100101010 001101 0001001011 01001011

0011011010 10110.
0011101111 1001111,010 1010001 1001,
000 100110 0011.

01 101101 predictis 11011010 10110 01 00011
10001010010, 01001101οι01 01 convenimus
1011111οΙ nuncio 01011 0001101 regis 0010

Menoeis A 101011 000 0010110 01101- 01 conducere 000 00110010001110001-

11010,
(1110010010 3,
· 1100011011,
11101111 ,
10110101 ,
(1011011113 ,
8011101110 100 ,
100001111 10 ,
VemAgAAAbAAA 10,
CopAA 11,
01010110 6 ,
. 000011οο 1 ,01 A [A 0101100 010 010000-
11000
111011 A 000 101101 110111Ιο 01 111 011,
011111 1 010 oleo,
1001111 0010011011.

010011, precio 1111101010 1,1001010000-
011101,οῑ 11100, 01 01010100010101101,
compuAAbAmuA 001110 10110 0010010000
01011010011 010101 1111100 1 ,000 00 quibos
00001101 10010 011 mencio 00 0001 0111000
0 0010100001011110001 esum 011
00010011 110010 Μο110,01 101100001111100
3,100 10101100100, 0011010 debemus 10110
0001000000 01 1010011110010101010
00111 1011000111ορυο Γ10100010.
Ε101001011 001010100011101110011001
01 0011010101, 0010100 01011 000101 regis,
0100110100101 convenerunt 010111 Petro,
1000110 01 0110110, 010100 0010010001 1000-
10, 0110 0000 010100 0000001101 10111
AvocAoneA 110101 10110011 10010100 101101-

000100 1001 001000 An 10110011 010 00100010010101, 0101001100011010101010

mercede 1111101010 3,710101000011010,

001.

0011111011 nosAro mAncAo dandarum eA EA 0010 010101110101010000 perles

solvendarum, uAijA 000111.

dic-Ais nominibus ,0000 010100 0001001

111000 predAcAA, Petrus, 1000110001 1011 1100011001 00000001010010110 Petro,
01101101,01010010011000110οιιο 01010- 1000110 01 0110110, 01 0011111οι 001010000-

1011110101 101110 0010100 01011 10010000-

ducere 100 conduci 100010 0000 10100001

110,10101001,01110000010100001101

10 001010 01011010 1001011 0011111 01100ον ,11110010

l'‘ PAATAAA.

11

 

