1111111111 111 11111111. 111

·- 1 1111111111, 1111111111ἰέ
1 11111 111111111111111,

1 (1111111111111111111111,
1 Si 111111,1111111 111.

a 111111 1111111 3111111111,

1 Si 11 1111 11111111 1 1111, 111.

-·- 1 sire, 11 pais, je 111 emm

1 Ν’11 pas 11 cuer si 11111

1 011 111111 111111 111111 1111111

1 Sous 11 11111111 11111111

1 0111111111 1111111111 1111111,

1 Si n’ait 11 111111 111. 111.
(111111 11111111 conpleta 1111111111 11 1111.

ROBEBT DE BLOIS.

1.

11 1111111111, 1111 111111111111

1111 11111111, 111111111311111111111,
1111111111111111 1111111 111 plus 11111
11111 1111111111 111111111111111.
11111-1111-11111111111111111111111111
(111111111111111111111 11 1111 111111.
Se mes 1111 11 111111Ν11111 Signour,
Pour 111 1’11 111111111111111111111.

111111 ,11 1 trop 111111111111 ¹
Quant 11 11111111111111111111111111
111111111111 11111111111111111,
1111 1 11 11 11111111 11111111.
1111111’11111111111111111111111,
01111 1111111111 1111111 11111111,
111 1111111111111 111 11 mis 11 111111
Quo 1111 1111111111 1 sa 1111111111.

1111111 11 qui 11111 11111111 11 111111,

[1111111111 part 1111 dolens· que 11 11.
Mon 11111111 1111 1111 11 11 11111111,
1111111111, 1 11111111111111.

111111 111 irai? 11111 je 111111 111,
0111111111111111111111 11111111
111 mon fin 1111, 111111111111111
111 11111111111111111 111111 1111111.

1111111111, qui 1111111111 1111111111,
Ν11111111111111111111 11111111 11111;
1111111111 11111 111111111111111;
1111111111 1111111, 11111111111111111.Δ
Μ111 11 je 111 que vos 311111 11 111,
11111111 11111 111111111111111111 ;
Ne 11111111 1111111 1111111
811111111111 1111111 1111111.

(S. 1111. 11.)

11111 111 11111-11111111.

Jerusalem 11111111, 11111111
U 1111111111 111111111111 1111111111,
0111111 11111 poi de ses 11111

111 11111 cors 11 111111 111111 11111.
5111111111 1111111111111111111

111 111 11111 1111 1111111111 11111111.
01111 11 pardon 11111111 mort Longis,
Le 111111111111111111111111 11111 ;
11111 pour 11111111111111111111111111,
1111 1111111 11111111111111,

111 com 11111 111111 paradis.

1111111 [1111111 gardent 1111 1111 1111111,

111111111111111111 11111111111
11111111 111111 1111 1111111111111111111
Se 11111111 1111111111111 11 11111,
1111111111 1111111111111111111,

(11 111 1111111111111 1111 promis.

111 11111 111111111111111111

[11 111111111111111 11111111 monstier,
Ne 11111111 11 bien 1111 11 1111111,
0111111111 111111111111 Signeuraidier
A 1111111 1111111111 11 gaaignier

U 111111111 11111 1111111111

01111 [11111111111111111111 111 111 1111. 8111111111111, 111111 1111111111

Mais que 1111111111111 1111 11111111
1111 111 1111 1111111 11111 pour 1111111.
01111111111111 111111111111111

¹ 1111111111.
111 11111111.

011111 secors 111111 si 1111111.
Vos 11111111, 11111111 1111111111,

l 111 1111111111111111111111111111.

1 11111111.

54

 

