192 (ΣΟΝΊἾΝΠΑΤΙΟΝ,

’ 1101, 01111 1001 y 1101101 ¹ 3 01111 11 10 1010110100110111001 11 [01111111 1101111101 10

- Μο01 1011110 que 11 1101001 101011 0111110110 00111011 001 01001 0101 000 11 00
101101οῃ1 ⁸ pour 11 demeare. Et puis 000 11 00111110100101111 01 101011 10011
00110100111 11111000001, 0110 00 111011010 1011 10011 011111 1011101111,11111011 101011
000100111001 11 10001101 10100110100.

Ε110111100000111 1001010101 010111 1101110011 011001110 00 80100111, 11 1010-
111001 011000 1001 11 10011110001110111011100000011 10111011 00 1001001 0111
100 1111110001. Et 1101 11001-11 101011 001 11 1111111001111010101, 0111 111001 001
11001110. Ε111 1010010101 101 respondi 00110001101110011011111111110 11111110 10010
00111010111111001000 00011 1010101011, 0100 11 presence 11 1001 : 0 sire, 11111
1 1100101, 0101101011 1010110111, 01011000 11 1001 0111111. 11110101101101 je 1001
0 11001010001110110110101110111 10011 11 11110 001111 10 Μο11100 ⁴ 1010011 1
0 Μ1010, 11100101111101111001011101 11 10010111 00 101001, 110011111111 doivent.
1 sire, 0010011100101-100 011011 0111110 111 00110111·

. 11001Ι 10110111101001011101 101 0111001101 01111 1111001 111 11100111101101,0010011
011110000100010010110101111011110100011811001001 ⁸, qui 10111101 11011, 10
00010 Βο11001·, 01101100001101 101101, 11 101111 1001101101101 1111001 11 111101
01101001, 01011101 1001011111 1’1100101001111 11011011 001110000101011 11110
1001101.

11010010111101 11111101 11101101 n'en 101001 111 11111 11101011 1101111 11100111,
1011 000101111101, 1111101 011011 10111111111,0111011101011011, 01 Piero 1101. 6111101
11111011001 plus 101001 0111101011 1010011. 11001 111111 0100010111 11 00010 : 1 8110
0 00001, 01 1000100111 00 0101,1’11 1001 0111111. 100 001011 10110001001 01101101
«01010111111110111111 00011 1001101110 110001100011101.10111 10 001 1011 1001
0 1001100 1001001000 10010 11 10111 0001001 1111 111110001110, 000 jou 101001
1 011111, 11110010101111 1’1 10011011, 01 jou 00001 101001 10100001111110, 1110 1001

0 1101111010111100111. 11111110 1001 111011 000 1001 11 10001 110110 000 000001 1 001
’ 0 11000100 10 11110 1101 demando: 00111000011111011 11000001 0011010110 0111100
1 111 001011001 111 10000111 0011110011 10101011110110110101011000001111011111,
1 11111 0100 01100,ι 010111111101,11011111101110100)101 000 Blae ou 0001110. 11

1100110010110101110111 11010οο 11 Β1110000 10111111 111 11111 1 10 0100101111, 0111

11111 11111 11 0100101001 101010 ι 10111· ’110101οη. 1110011150111001,101 nomme
1110 1001 101100101. 1111011000 10 1111001000 01 10101111 1100010101.
“ (1011110010 v, 0111001110 1100111011, 11111 Λ 11 01011, 10 1111011110 0010011 en 1110 111-1001
1111 de 10011110, 1011011011110111000,0110 11 10 1101111011 111111011101103110010110110001
0110101111 1001011. 11101010111111111110 11 11· 1111011, 11111111’10001001111,1.1, p. 110.)
10010. Ι ο11111111110011111010010111111111100110110-
Ι1111101, 1010011 1000 101-11110, 11110 10011011 0101100011101 000101110 1110110·
1111111 0100 00111 00 1011011101 1001 de 10 0011 1001111. 1110111110 001011 1101101101. 11111010,
11111111101110011. 1. 1, 01. 1111,1 110 11110001101111, 0111111.)
’110100 10 110110. 1011-1-1110, 1101011 11 'orris 111000 0010100, 10101001 de 1101101,

0101010 0111100111 10 110111 101011 111111 10 101111 1111101101 1001 011111 aussi 11111-1111110111.
001111111101110100. Ι1101111

 

