1111 11111111 11111111111111. Ν 111

11111111 moult 1111111 11111111111111, 11111 11111111 11111111 11 111111111111111
1111111. Enni 11 partili 1111111111 11111111111, 111111111111111111111Μ111111-

1111 ii 11111 11111111111 1111111111111. Γ1111111111111111111 11111 1111111 1 Ι

111 11111111111111111111111111111111.11111111111111111111111111 1111111,1111111
1111111111111 s'en 111.

Li 1111111111 111111111111 derant Mersinopie. cir 11 11 11111111111111111111
11 1111111111111 111111111 1111111111η1111.1111111111 11111111111111111111, k’ii
111111111111111 111111111111111111 1111111111 11 Mon-Fenus 1111111111 1111111-
111111111,1111 11111111 1111111111111111111111111 11111111111,111 11 11 1111-
11111111111111 111111111 11111111. Ε11111111111111111111111111 11111111 11111
1111111111 111111 1111 ¹. Ei eniri 11 hetberga 11111 rendre 111 1111 11 1111111111
1111. 1111111111 111111111 11 111111111111111 11111, 1111111111111 1111111111.

«8111,111111, 11111111 111 1111 1111111111 Silenique, 111 1111111 111 1111
111111111111 1111111111111 mouit 1111111111. 11111 111 111111 11111 1111111111
1111. Si 111111111 111111 que 1111 111 1111111 1111. 1111111111 serni 11111111 111
1111111111 111 111111, 11 1111111111111111 11111111111111111111111111,11111111111
(1111111 11 111111111111111.111111111111111111111111111111. Ei 11111, 1111111
111111, 11111111111111 111 111 1111 1111111111111 1111111111, nigrant 111111 dn
le 11111 111111 11111

11111111111111111111 11 1111111111 respondi ε 1111 111111 1111 1111 Silenique ei
111111111111111 1111111111111111. «sire, inii Β111111111 111111111111Μ111-Ρ11111,
ieie 1111, 1111 1111111111 111 111111111111111111 111, qun 11 11111111111111 1
111111,111111111111111, 1111111111 111111-11111111. Ε1 11111111 111111111111
11111111, 1111 111 11111111 111111. >r Li 1111111111Β111111111111111111 111111
1111111111 11 11111 Halae ! 1111 111111111111111 1111111 11 1111111 111111, nicom
1111111111111111111111111111111111111111111111, 1111111111111111111 111111111-
11111111 111111 11111 111111111111111111111111111 11111, 111111111111111111111
11 tres-grand peril!

Enni partirent 111 mai li 111111 1111111 111 11111111 1111111. Li 1111111111
1111111111 1111 8111111111 111111 11 geni 11 111111 11 11111111 111111111111111
Moni-Feirnr 11111111 1111111, 11111111 11111111 11111111. 1111111111 11-
11111111111111 (11111111, (1111111111 11 1111-111,111111111111, li 11111
11111111 dn 1111111111-111-Β111’ 11 11 1111 grans 111111 111 11111111111111111
111111111111111 11 1111111111 111. Enni 1111111111 1111111111 111111, (1111111 1 11
111111 111 11 Demos ³ ieri 111111, moult 111111 11111111111111111111 1111111. 11111111 11
iu 11111111 111 1111111 de ln 1111. 1111111 11 1111111111111 11111111111111111-

¹ 11 111111111111111 11 11111 dans 11 mer 111111111111111,111111111111111111111 11111-
11 perirest 111 111111111111, 1111 11111 111-1 11, 1111111111 1111111, 111111111111111111111
’1111111111 1111111111. 111111 11 carin 111111- 111111111111111111111111111111111111111111111
irenen.) 111 nom 11 1111111111 111 11111 11111111.

ΙΙ1111111111111111. (pinne.)

 

