Pnn GEOFFROY DE vlnnnnnnnoln. 2³

1111111111111111 11 11111111 111 11111111 outre 11111. Enni 111111111111111111 11
Latin 1111 (111111, 11 11 1111111111 11 11111111111111 il 1111111 111111 11111
111111111111111111111111. 81111111111 11111 11111111 11 111111 1111 1111 1111
11 111111.

En cel 11111111111111111111111111111 11 111111 moult 11111, 111111 11111 111 11
11111111 111, 1111111111111ὀ11111111111111111111 1111 1111111111 1111111111111
111, 11 mon.

11111 11111111111111111111811111 11111111 1111 1111, 11111111 1 1181111-Μ11111·.
1111 111111110111111111111111111. 111111 111111 1111111111 11111111111 (11111111
111111111(11111111111111111111111111111111111111111111111 111111 11111111111.
111 1111111 1111 11111111111111111111, 11111111111 moult 1111111111. Enni 111111-
1111111111111111161111111111111 11 111111 11 1111111111. 11111 1111111111 11 Μ111-
Forma 11111111111111111111111111111 111111.

111 1111111111,111111111111111 1111 1111111111 1111111111111111111111111111,1’11
111111111111 111 11111111 1111 1111111 1111111 bien 1111111111 1111, 11 11111 1111111
1111111111111111 11111111 11111111. 1111111111111 1111 11111111, 1111 11111111 que 11
11111111111111111111111111111, 11111111 11111 11 1111111151 1111 111 1111111111111
en 1111111 1111111111111111111111 11111111111111111111111111111, 11 11 11 111111
11111111111 111111. 1111111111 1111111111, ki 1111111111111111111 1111111 ⁴ 11 11111
111111 11111’,1111 111111111111111 111111111111111111111111111111 111, 11111111-

·111111111111111111111 11 111111111111111111, 1111111111111111111111, 111111 1111111111·

1111111111 1111. 111111 111111511111, 11111 venetiorum 111111-
’11111111111111 11111 nuntiis. 111 1111 11 1111111111 11111111
⁸ 111 111111 1111111111111 111111111111 111 11111111111111111111111111111111111 11111111.

111111 11111111111111111111, 11111 111111111111 11111111 hinc 1111 1111111111111111.1111111111

111 consentiant 111 bonne 11111111111111111 111111.·0111111111111111111,111111111111111111

111111, 11 11111111111111111 1111111111 Frena (1111. 1111111111,11111111, 1111), 111111111201.

111 11 1111111 1111. 11111111 1111111111.Ι 11)1 111 11111111111111111111111 11111111111111111111

111 11111111 1111111111 111111111111 11111111 1111- 1111111111111111111111.1111111111111111111

111111 plus 111111111101111111 plus 1111111 11111111,111111111111111111111111111111111111

1111111111 11 1111111111 ι 1111111111111 111111111111111111111111111,1’111110111111111

’ 1111,111-11, 11111111111111 11111111 de 111111 11111111 11 111 1111111111,11111111111111

1111111 1111111 11111111111111, 1111 1111111111 111111111111111111’11111111111111111111111111111

ΡΙΙΙθῐ ‘1 ὁ timont, 111 1111111111 ¹⁰ ῐθῦ 11111011 11 111111 prix 11 1111111111, 111 1111111111 111·

111111111110111111 11 omn· 1111111111 11111111 ¹‚0oo 1111111111111, 11 11-
*mention 1111111111,11111111111111. 1111111111 1111 11111111 1111111111 11 11
Ἰ1111111111.11111111111111111(1.11111111), 1111111111,111111 en 1111111 111111111111 1111-

11111111111111111111111111111111111111-111- 111111 11 111111 111111 1111. 11111111111111111

1111111111 11111111. 111111. 11 511111111111 1111111111111111 111111 1111111111 , 11 11 1111111111

111111111111111111111.1111111111111111111111 1111111111111111111111 11 1111111111 11 111111

11111111 111111111111111 111111111111111111 11111111111 1111111111, 1111111 111 1111111111

111111111111111111111111111111111111111111. 1111 11 1111111. [1111111101111111. 11111111

ι 111111111111111 1111111111, 1111111111, Mon· 11111111, nous 1 11111111( 0111111111,1.1,

1111111111 1111111111, 111 11111111, 1111111 1111111- 1. 1111111111.) 11111111 11111111 je 111 111·

1111111111, insulam (11111 1111111111, nnnc 111161. 111, 111111, 111 111111 11 ce 1111111111

 

