11 1111111111 111 11111111111111111,

1111111111111111111111111. 81111 11111111111111111 11111111, 11 11 1111111111
1111111 1111111111· 1111111 11111111111111111111· (1111111111 11111 (1111114111.
01111111111111 1111111111 111111 Mon-cenis, 11 1111111111 11111116111111 (1111111111
111 1111 11111111 1111111 111111111111 111111111111111111 111111111111111 puio 1111111
· 111111111111111111111111111111111111111. 11111111 11 11111 (11111111 11111111-11111111,
111111111111 (1111111111, 1111111111ο11111111, 11 111111111ιί1 111 11 11111111 gent 1111111111-
1111111111111 111111111111111.11111111111111111 111 11111111 comment 1111111111 11-
[111111111111111 11 11111311111111, 11111111 [11111111111111111. 81111111 : 1 Nous,
1111 11111111. 11 111111, 11, quant 1111111111,1111111111 1111111111 1111 pm. 1
11111111 1111111111 1111111111111 111111 1111111 1111111 [111111111111111111111111 11 1111.

’11111111111111111 1111111 11 111111111 1111 11111111111111111111111111111 111111111-
11111111,111111111111111111111111111111111111111 11 (1111111111. Et 11 111-11
111111111 (1111 11111111 11111 11111111,1111111111 111111 111111111111111111111111. Si
1111111111111111111111111111111111111111 111111 111111111111 1111. 1111 1111 111, 11
11111111 1111111111, 11111111111111111 11111111. 1111111 quel damage! 111
1111111111 1111111111 111111111111. Sa 111111111111111111111111111111111111 111-
1111·11 1111111·; 11 11111111 11111111111111111111111111111 1 11 111111 11111111 11 1
1111111111,111111 1111111111111 111111 11 111111 111111 111 111111; 1111 1111111 1111 11111
1111111111111.1111111111111111,1111111 11111111 1111111111111111,111 11 111111111111
111111 1 11111 11111111111111, 11 com 11111111111111. Μ1111 οι 11 11111·11 111111-
11111111111 11 11111111 1111111111 111111111111111. 1111111111 partie 11 111 1111111-
11111111 11 111111111111111111111111111111111111111111111111111111 111 1111111 111111-
1111 1111111 1111111111.

111111 111111111 111111. Et 11 1111111 1111111 111 1111111111 plut 11111 111 111. 1111111 ot
111111 grant pule 111111 11111 111311ιο 11111111 gens. 1111 11111 1111111111· 11111
1111111111 11 11 1111 , 111111111111 51111111 11 1111 pour homme3 11 11 1111111 11111
111111ς1111111111 1111111111 engone 11 plus 11111 11111111111111 1111111111 11111.
11111111111111111 1111111111 111ηωί111111 81-1111111111111 Troia. Li 1111111111 11
11111111 11111111111111111111 111··11111111111111111 11111 11 1111 11111 111111 11111

Navare ¹³.

·61111111,1111111.11111111111111111, ,111111 11 11111111. 111 111111111111111111 11111.
1110111111. “Lesa

¹ 1111. ⁷ 111, nque 11 1111111111. ι

’61111111 111, 1111111 11 11111111,1111 1311· ’11111 11111111.

⁸ 1111111,61111111111111111111111111111111151- ’11111111111111111111111111.1111111111.

1·111,111111111111Ι111111111 111111 1111111111. ’1111111111111111111111111111 msam·
11 1111111 11 1111111 111 11111. 11 11111111 111 ’11111111111111111111111111111 1111 111-
12111. son 111 11111111 1111111111 11111 1111111 1111111111

1111111111111111111 11 11111 1111111111, 11111 11 1··111111111111,111111111111 Pomm, qu!
111111111111111111111111(1111111111111111. 11111111 11 111 suche, 111 1111111 pen 1111111-

1111,111111111111111111111,1111111111111111- 1111111111111111111111111111.

11111.» ’1811111111111111111111111111111111111111
³ 11111111111111111111111111111111111111111 «1111111111 111111 111111111111111 111111 11111
11111 1111111 1111111111111111111111111111111111· 111 1 1111111111. 11111 ,ι 11 111111111111111 1111
1111111111 11111111 11 11 111111 grant 1111111111, 1111111111111111111111’11111.ιμ mum. 111
111111111111111 pren 11 11111111111111111, 1111 1111111111111111111111.

 

