PAR GEOFFR‘OY DE VILLE-HARDOIN. 119

11 1111111111 111,11111111111 1111111111111111 11111 1111 chevaliers, 1111 111
1111111111111111111111111181111 (111111111111111111111 1111 111 111111. 11111
1111 111111 11 111 11 111111111111111111111111111111116111111 11111 11111111111,
Ε11111111 111111111111111111111 1111111111 11111111,11111 111 rendi 11 11 11111
11111 111111. 111111 rendi 11 1111111111 1111111 111111111111111111,111111111111 ¹
ki 1111 111 111 11111111 111111 11 11 11111, 11111111111111 1111111111 111111111
11111111, 111 des 11111111Ὶ 11111111 11 (111 1111 1111111111111111 1111111Ε1 11111111
111 11111111 grant 11111 1111111111 11111111 1 111111 gent, 111111111 111111
111 1111111, 1 11111 1111111111 11 11111.

11111 11111111 11111,111 11 1111111 1111 1111111111, Η11111 11 11111 1111111111
11111111 1111111 11111111111111111111111 bien garnie (11 11 11111 11 1111111111
1 111 111111 11111 1111111 1111111111* 111111111111111111 (111111111111 1111-
1111 111111 111111 11111111111 hetberga dedens. 111111 11111 grans partie 11
gens 1 111, 1111111111 1111 hieu garnie 1111111111 1111111111 11 de 1111111111. Ε11111
si 1111111 1111111111 11111111611111. 11111111111111 ki 1111111111 1111111111 1111
11 1111111111 1111111111111 1111 111111 11111111 11 11111111 grant 111111-
1111111111 111111111111 1 0111111111111 11111, ki 1111 11 111 11111111 (111111 111
1111111111 11111111111111111 1111111111111111 droit. 1111111, 11 11111 1111111111
11111111, 11 111 111111 1111111111, 111 111111 1111111111 11 111111111111111.811111-
11 111 1111111111 11 1111111 1111111 1111111. 11 1111111111 11 grant partie (11 bone
1111111111111 11 111111 1111111111 111 1111111111,Ν11111111111111111 1111111 11
Chaon, 111111111111111, 11 Τ1111111 11 Τ1111111111.Εῑ si 11111111, 11 1111111 de-
1111 1111111111, 111111111111111111111111 11 1111111 1111111111111111111. Ε1
11111111111111111 11111, 1111111 1111111111 dist 111111 11 1111111111 111111 111-
1111, 111111111111111. 1111111111 11111 111 1111 1 11111111111111111 1111111 1111-
111, 11 111 111 11111111. Ε1 1 1111111111111111 111111111111111, 11111111 111
11111, 111 1111111111 11 11111 1111111111111; 11 11 1 1111111111 pris 11 de 11111111
moult 11 1111111111111. Et 1111 111111 moult 111111 111111 riche. Ε1 111 11111111
pals 11111111 11111111 1111111111111 11111 11111111111111 111111111111111111
1111111111 11111 111111.

01 1111 1111111 11111111111111111110111111111111111 1111111111 11 1111111111
111111-111111111111 11118111111111 11111 11111111111111111 111111 1111111 1113111-
1111111, deus 111 1111111111111111111111111. si 111 11111 1111 deus ensamble. Ja-

11111 11 1111111111111111111111111, 11111 111 · 1111111111.
11111111 111 111111111111111111 11111 1111, ³ Enu.
11111111111111111111111 111111 111 ne 111· ⁴ 1111111111, dont 11 1111111111 1111 11 nole
1111111111 111111, quoique 1111111111 111 La· 1111111111111111111111111.
111111111111 111 1111 gens 1111 1111111111 11 1811111111.111111111111111111 (1111. 11111
11111 11111 11 1111111 1111111,11 1111111 1111111111. 81111111 111111111111,11111111-
11111, 11 1111 1111111,11111111 1111111111, 11 111111 dnus 111 11111111 11 11111 de (1111. 111
111111 111111111111 1111111111. ι 11111-1111111111.

1 1111111111, 11111111111111111 dans 11 1111 · 1111111111 11111 11111 11 111111111111
11-1111111. 1111111111111, 111111111111111·111111,111 11111

 

