PAR HENRl DE VALENCIENNES. 181

11111111111111111111111 111111111111111 soie 11111 1111 11111 ¹ 3 11111111111111111·
11111111 1111111111 111111111111111111111, 11 1111111 18111, on me 1111 1111111111
1 111 11111111 11111111, laquelle 11 1111 1111,1’1111111111111,111 1111111 111111
1 1111111111·.111111111111111111 hom de 1111111111 1111111111111111111111-

« 111111 111111111111 11111 pour gentil 111111. Si 1111 prio, 111 1111 1111111, 111
1111111111111111. n Elli 111111 home 11111111111111111111111111111111111 11-
1111, pour 11 11111 1111111111111 111111111111111 1111111111. li 1111111111 1111 :
18111111111111111 vous 111111111111111111111, 11 111111. 1 Ρ111 1111111111 1
11111111. 81 111111 1111111, 1111111111; 11111111111111111111111111,1111111 muniere
« 11111111 vous 11 11111 111111 11 1111 11111 11111 11 111111111 11 11111 111 nous
1111111111111111*,111111111111111111111111111 1111111111 11 m'en 1111111111
1 111111111111111111,ι 1111111111 11111Β 1111111111 111111111111,11 11111 1111111
111 111111111111111111111111111 gracie 11111 1111111111. 11111111 11111 1111111, 11
111111 gent 111 11111111 11111111111111 1111111Ε111111111111111111111Ε11111
1 1111111111. 11111111 1111 11111 inus 11111 1111111 11111111 ll 111111111111111
11 damoiselle, 11 11111. El 111111111111 11111111 111 1111111 11111 1111111111111-
1111111111, 11 1111 charge 11111111 111 11111 11111 1111 1111111111 11 11 11111 11111
1111 1 11 1111111111 11 Grilons 1111111111 11 11 11111111 111 1111111111.
111111111111111111111111 nostre gent 111111, 1111111111 111111111111111111-
1111111111 111111111111111, 11 11 1111111111 1111111111Ρ111111111 'l 11 111 111111111
1111· 1111111111 11111111 111 tous 111111 111111 111111111111111111111 1111111111 111
11 11 111 11111111 111 1111111 11111 111 1111111111111111111111111111111 11111111-

·111111 11111 111 11111 11 11 11111 tle 1111111111. 1111 11111111111111 ses 1111111. 111111 111111 ’

11111111 11 1111111111, qu'il 11111 1111111111 1111111 1111111111 1111111 11111111, 1 11111 11
11111111111111111111111111111111111111111. 1111111111 11111111111111 1111111111 1111111111
1111111111 tle 1111111111 1111111 1111111111 11111111 111111 1111 11111111111.11111111 leur eom·
11111. Sl 111111111111111 11111 11111111111111 1111111111 11111 11 111111 111111111111 11111-
1111111 1111111111 1111 1111111 11 11111111, 111 1111, 1111111111111111111111 11111 11111 11
11 1111111111. (11111111111111.111111111111 11111111 11111111. ι Le 1111 111υὸ111111 11
111111110111111811111611111 1111111111111 1111111111 1111 11111111111’11111111111111111111
111 11 1111 111111 111 1111111111111111 1 11111 1111111111 1111111111111111111111-
11111111 11111 1111111111111 1111111111111 11111111111111.
111111, 11111 111 111111111111. 11111111, du 111111 Mulier. ’

ι 1111111101111111, 111-11111111.. 111), ι1111111111, ll 111 1111111111 11 11111 11111111
Ι111111111111111 1111 11 111111 1111111111111 ’1111111 1111 11111111111111.
111111 1111111111111111111111111111111111 ⁴ 11111111 111111111111 11111111 pleds 11
11111111111111111111111111111113111111111 nullan, 111 11 1111 11 11 11111111.
11111111111111111111111.11111111111111111- ·1111-1-1111 1111111111111111 1111111 11

1111111 l 8111111111 (11111111111111111111 111 11111111111111 11111111. 11111 1111111 111111
1111, 11111 11111 1111111 1111111 1111 1111111· 1111111111 1111111111111111.

1111 11111111 11011111111111111111, 111111 ‘summellam 11111 111111111111111.11’111 11

11111 111111 111 11111111 111 1111111111 11111 1111111111’11111 1111 11 1111111111 1111111 de
11111111111111111. (1111111111 1111111111 1111, 111-11111 1111111111.

11111111111111111111111111111111111,111111111 l l’mpllllle.
1111111111 111111111111.111’1 1111111111 1111 ’1111111111

 

