1111111115115111111111111111115. l57

0111 111001111, 111 11111 0111111111 111 01111111 11111, 11111 111011111 0011·
11 faciliter l'enlrle3 1111111 moment de 0111111111101111111, 11 constantinopli)
1’111111111,111111111111 111111 celle 1111111111011111115111111676911161),
v 1111111101, 1111111111 1111011111 111 11011- 111111110-1111111 10111111 0101011111
1111110101111. 111111 1111111111, 11111 011111 Franci. Β111110, qui 11111 11111
11101111 111 111111 1110111 011111 11111111111111111111111111111101-
111101,1111111111111110111111111111 lais. l 11 111111111111111101111111-
110011111’11111111110111111. 111111110111111 1111 11 111111 11
l 110010111 11 1111011111 (1361), 11 Ι 1111111101111.11111111111111 110010-
1111011111 11 11111 1111 1111111 11111- 11111 grand 011111,11 11111011, 10111
011111. 11 grands 1111111, 011 1111111 1 101
11 0111111101 11 1161 11 quilla Nym· 111111 1101100111.
0111 1111111110111Ρ11111111111011- 1111011111 100111 11111 nouvelle 1
111 quelques 10111 1 1111110111 101ἔ11- Μ11101101 ⁴.
11111,11011111111,1111111111, 111 11111111111111111111111011110
011111 111111111111111 10111111 1011 1111111111111111110111111111 81111-
011 101 1111111111 11111111001111111·. (111111111101111110 151011, 11111111
11 il 110111 que 11 11111 Alexis 8111- 11 111111011011 60111111110011.
11100111011111111 1111 (111111111101011 11111011111 11101111 111101111111111
lll¹⁸llllll⁰ll⁰⁰ll lllfflllil ll 11111111 ’11111111111111
filli de constantinop'liq, denlaire iii simu· 1111111,1111111111Μ1111,1111191001111111ζ

1111 11111111 11111111 011111, 111 11011111011,111111101111111110111- ·

111111111111 111111101 11 1111111. 111 110111 11 seconde, 11111111, 11111 101111
110111111111111’111111111111111,111111 (1011111111 Tmolius, 011111 111Β1111-
1111111Ρο11111,111111101111111111111- 111. 1111111 1111111 deux non 11111111,
010111 1111111111 leur 01111111, 11111- 101111111111111111111011111111111111
011110111011111111111111 11111 1’11- 1111111111

1111,1111111111111, 111 1111011011111 Μ11111 Ρ111011101 mourut 10 1183
1111111111111,1111111)101111111.111111 011111 1111111111, 0111111 (0111 11111
511111100111 1111111111 111111111101 1111 01111111 revue 11101101 1111111
0111111101111111101110111111161εο qu'il 11111111111111 111111 11 1111111-

. 1111111111111111111111111111111111; orator 1111 1011, 0111011Έο111, qui

il 11 010111 0111111111111, 110111 111 11111111 1011111 1011111 ·.
11 111111111, 111111 111111111111111 111

V.
STHLAVOS‚ 011 WENCESLAS. ,

81111111, 0111111 11 101 1111, 01111- nilion, 1011111110 101111111111101101-
11111101111111 Μο11-11111001 qui 1 1111111 11111111 111111110, 111111-
111111 1011 11111111, ninilque 111 111· 101111111 aucun 110111111,11111111 11-
11111010111 11 1111111 11 Melenikon. 1111111111111 1111111011 1111111 111
1111011111 111111 11 (11111111110011 111 11111111,111111111111111111111,0111111
11111 10111 1111111111 111 1111 qu’il 1111111101111111111111 1111,11111111
11111 111 1111101111111 ¹, — 11 111111 11101111101101111111,1111111011111·
1101111 11 11111111110111. Ge Sllllavos 111101111011111111 11111111111110111
11111111101111111 1111111111 11 Μ1Ι1-

¹00 111 11 11 qu'll 1111116111111111011111 ι1111110.. 0. 11.

111 01111111 1111111111 1 0111111110 (111- *[1.,1.11.

1111), 10111111111111, 11111101111111 11111- Ι1111111111. 111011

111111 111 111 1111111 qu'il 101011111111111 ·11., l. 5,1. l.

1101111111 qul 111111 1111111111 11 1111. ⁷ 0111111111 te 11111111 10111 1111 1011101111
¹0. 11100.,1,14. . 1 111111111111 11 111111111111.

l'· 111111. 58

 

