PAR GEOFFROY DE vum-munem. 143

1111 111111111111111111111111 11 11111111111111 · garnie 1111 1111111111 11111
1111 al 11111111, 11 1111 111 1111111611111111 1111111111111111111, 11111 1111-
1111111111 111111 111 111111 mot ki 11111111 1111111. Si 11 1111111111 1111111111-
111111111111 11111111 11111111. 1111111 1111111 11111 1111111,111111111111111111
111111 1111111. 1111111 11111111111111111 11 11 11111 111111 1111111111 1111111111
, 1111 1111111111 no 11111 1111111111111111111 chevaliers. 11111111 11111111
111111111111111,1111111;111111111111111111111111111 11 11 1111 111111 garnie 11
111 11 gent. 11 1111111111·111111 1111111. Ε1111111111 fremerent 111 111111111111-
terent 111111 11111, 111111111 11111111111111111111. Ν’11111 111111111ςί1 11 1111
111111 111111 111111, quant 11 11111111111111111111111111-11 1111111111, 1111111111
11 Τ1111111111 11111111111111111. Quen! li 1111111111 111 virent, 11 11111111111 11
111111 1111111111 1111 1111111. Ε1 11 11111111111111 : que 11111111111111111111 11
’1111111111111 11111111,11,1111111 1111111 1111 11111111 venir, il 1111111111 1111111.
111 11 11111111 11 11 ΒΙ111111 11111 1111111111111111 1111111,111 111111111 moult
, 11111 1111,11111111111 11111111111. Si comenchierent 1 1111111111 moult 11111-
11111. veriore-garde 11111111111111111111111 11111, 111· 1111 1111111111 1111111111-
11111111 111 011111111111111 1111 aucun 111111; 1111 1111111111 estoit 11111111111111-

11111111 111111. 111 11 (1111111 11 1111111 1111111111 11111 1111111 111111111111 11111-
1111 111111 11111 11111111 111 11 11 hus 111111111 111111 11111,111111111111
111111111111111111111111111111111 1111111111 1’111111111111111111111 (111111 11
111111111111111111111111 1111111. 11111111111111111111111111 11111111 1111111111-

111111 11 111111111Τ1111 11Τ1111111111. Et 1111111111 miegramment 1111111111111
1111111* 1111111111111111 1111111 111 1111111 1111111. Et 11111 1111111 11111111 1111
virent 1111111111111111 de 111111 1111. Et 111 11111 ⁴ 111 1111111111. Et 1111 11111
11111111.Ε111111 1 11111111111111111111 11 1111 11111111. si 11111 11111 111111
111 momontum, ’1111111 111111 1111 1111111, 1111111111 11111111,1111
111111 111111111111 1111111 11111 11111111111111111,11 1111111111111111111 ochlre.
1111111 com 11111111 jor 11 11111 111111111111 11111 1111 111111 1111 1111111111
n'en 1111111111 1111111111 11 111111111 1111111111·.Ε1111 111 11 1111111111 111
1111111 111111 111 1111111 11 11 111111111111111111 111 gent ki 1111111111111111.

¹ 11111111. 11111111111111111111111111 1111 11111111, 1111-
’1111111111 11 jacam 111· 111111111 1111111 111 11111111, 111 111111111 11111111
11111111111111111111111,111111111111111 1111111111. Ges 11111111 1111111111,11111 1111
11111. 1181, ι 11 111111 111 grant 11111. ι 111111111111111111 1111111,1111111111111111 1111-
10111111111111111111111 1112111,115, 1111111111 1111111 1111 11111111 111 111 111
1111311611 11614 · 11111 111111181111111111181· scythes 1111111. (111-1111 11111111111111111,
11111111, 1111111111 11 1111111111 111111 1111111111111111111111
⁵⁴5⁵, 1111111111. 1111 comme 111 1’11111111111111.111 111 11-
*11111111111111111111111111111111 111 1111111111111111 1111111 1111111111 11 11111
1111111 11111-111111111111111 111 1111111 11· 11111111111111111111111111111111111111
111111111111111111111111111 11 1111111111. 111 11 1111111 1111111 111111111111, 111 11111111
’ 1111 111111111111111111111, 11 111 1111111111- 1111111111111 1111 1111. ι
11111111 11 11111111 11 11111111, 1111111111

 

