PAR GEOFFROY 1111111111-111111110111. 35

0111011005 1111101111 10 1100111, 1011010 1011110-1111101011 011101011ου1 ¹, 1011010
101 0110 ¹, (1011110101 10 Νο0111, (10011011 (10 1011001 , 1101001110 Montengni, 1111-

, 1011111010111, 11100000101011011110, (11011011 1011101-Μ100110011, 11011 10011100,

(1010010011οο 0111, 1100101 10111011110101 , 1011101 10100011 , 01111110101101101
1100000 1001 100111111100 00 1111 mie (11000100. ’

1100010 0011101011 10 010111, 1101111100 101 1111111011 1101111101 101 110011 1011111
10 11100111 ¹, 01111011 10 1100101011, 1100111 10 111οο101001 ¹, Ρ11001 10111001, Pie-
10110 111101100οΙ ¹⁰, 11001 100 110101, 6011110010( 10 80101, 1011101 10 1110110100 ¹¹,
(11011011 10 (1111001101 11000 10 1101100101, 1011011100 110101, 11011100 10 1110110011,
11011010 10 1101001110 ¹⁸, Ρ10101 ¹⁴ 101 110100, 00110 10 Line, 11011011 100 00111101, 01
01010100 1011001100οε1 gens 100111 111101 00 1111 1010 10000100.

En 11100110 1’10 010101, Νο101000 11 evesques 10 8011011111, Μο11100 10111001-
Μο1000111”, Guia li 01011011101 10 (1000111 001 0110 ¹¹, 11011011 10110101, 110111
(110110, 1011101 100110101, 61011010 1011101-1100110, flentis 101 110101,(1011101101
11101001··,101010101101011,101011111ᾱο110101·1,11011010101 1101011, 01 1111101
10110 10100 100111 111101 01010 10111.

11001110 10 1101101010, 011110 01100 que 00 01001 01001101 ¹¹, 00 010111 11 00001

¹ 1000 100111101 10 1001010 11101000, 110001,1110101,11101101.110011011110001001,
01101-1080101·611011 11110-1001,11010·Το01. 1101011111 01011 1 10000-
¹ 101001 (10 10110 0111001000. 00111110010111001010 1101011,οι 10001110, 1000
ὃ(10011101, 00100 10 1001101101, 1011010010 101 00100 111000011ιο1. 100 1011110011 10 11001.
0111101111 10100001001111110010110110. 11100110 10100110 11001110 01 1101010, 00100 (101 10
¹ 1101100 111101 10 1001010 11101001, 110- 10101001001 beaucoup 10 1110110 1001010.
’1111411 ι 1¹ ¹⁰¹¹oe ¹¹¹ Dampssm ¹11 Auem· *1100101011100001101101101115,ῧο1101101
¹Du 100100 110011 1001 10 registro (10 10 017, 11011010.
10110 (10 601001 11 chambre 101 0001110010 ¹¹13. 11101000610110001111.[1011001010οὼ
Paris. 1. 9, 001010111010000 , 111110101011- cuidonmscm 111111611101111100111 111,
10101100, 10 11010001,1,111111101 101010-1010000 1011.
1111000110 11011011. ⁸⁰¹¹ 0001Ιο101010, 110 Ιι1101101000, 10110100101111101001110.
1112· ¹¹ 1101010 11100000, Ρο100101111111 156 ,
¹ seigneur 10 (1111000000100111001011101000 piem.
10 1010110. 11 110011 111110111ιο 10 110001, 01001 ¹¹ 1101 1110-10-111000.
1’1101111010001,001010 10 101010.011010- ¹¹ 1111 10 101111 10 cerizy. ll 01011111 110
1111111 de 1011111111ιὶ1· 11110010 seimona 00 1111111110 10 01110 10
⁷ 110110 11111 10 111010 601101110 abne} 0110 00011001100110 11 101 nomme 1101011100 11
110110011101010011. 1100001001100.
· 11 011001001110011110 7100011011οι 111100 ¹¹ 1110 110111 10 1101110011.
10 1101010 1110000110 1000000111 0ο 111 111 ¹¹ 100 11101000. 0111011ἰο 10 coucy, 11111
10011010101071001110000011011010010110110 1110111 1110101100110010001, 11110 10 110·
1001 (10 10101100 nauium 111110 10 101 plus 11100100111001111101111000111 101.
1011 0010010 homme-1559 10 1001010 11011. ¹¹ 1. 11100000, 71101111Ἀο011011.
’111 111, Mont-Cme15 111, 1100110011 ¹¹ 1010 0011 1001 110001 1111111001.
100101001’1(01001,Μο0011001. ¹¹ 115, 1110111101ῢὸ1, 1101011,- 1001010 1Ἀ-
’11111111000001·111,11100·0001,11(10010 (01111,1101111.
1101010 11100000, 1110011001. (10 01111 11111- ¹³ 1011 1111101 1200.
111110 1111110 0111111οσ. 0010110010 10111 11001

 

