11 1111111111111111111111111,

grant 1111111111 1 1111111111 11 11111 1111111111 11 111111 11111111 (1111111111111111111
111111111111111111,11 11111111111111111111. El 1111111111 1111111, 111 111 111-111111Ι
11 11111111111111111111111111111111111111111111111, 111111111111111111111111. 8111
1111111111111111111111111111111111111.Ε1111111111111(11111111111111111111111111111
1111111111 1111111111 mains 111111 (111 murs 11111111 111 111111111111111111111111111111
1111111111 11111111111 111111111111111111111111 1111111111. 1111111111 1111111 1111111
1111111111111111111111111111111111111111111111111111111111111111111111111111
· 1111111111111111 1111111 (111 11111111 11111 111 1111111111 11111 (1111111111 1111111111 11111
1111 mis ens 1 lorche. El bien 11111111 que plus i 1111111111111111111111111 11111111 li
(111111111111111111 (11111111111111111111111 1111111111111111111111111111111111
1111111111111 1111111 11111111111111111 olli 1111111111 11111 11 1111 (1111111111111
jelolenl 1 ⁸ pelleres 11 1 1111111111 11 11 11 1111111 *1 11111111111 1111111 111111
11111111 11 1111111111,11111111111111 11 111 111111111111111111111111111111111111
(levant. 1111 111111 1111111 111111 donne 1111111111111111 1111111 111 del 11111111
1111111111 il 1111111111111-11111111111111111111 111111111111111111111111111111111-
111 1111 111 11 1111, 11 1111 1111111 1111111 11111111. Ε1 1111111111,1111111111111111
de la mer, 11111111 1’1111111111,111111111111111 11111111111111 111 11 1111111 ·, 11
1111111111111111111111111111. Ε111111111 que 11111 1 11111 (le 1111111 111 11111111111111
111111111 en 1111111111111111111 contre val 11Β11111, ou li 111111 11111 1111111111,
11111 11111111111111111111. Ε111 1111111 11111111111111 111 moult 11111111 11 11111
11111. 111111 1 ot 111111111111 ariete-,maini 11111111 du 1111111 11 11 leus: 11111111·
1111111111111111111111111111111,1111’11 111 1111111111, 11 111111111111 1111111111* l 11 11
111111111111111111111111111111111111111111111111111111111111111111111111111111111.
11111 1111111111 (leus 111 1 111 11111 111 111111111111 111111 111 1111111111111,

Ι1111111111. 555 1111 : ι Le 11111111 1111111 11 l 111, 111111111 plus 111111 1111111111 1111111 1111
11111111111 111 , 111.Ι ι 1111. 1,*111111111111 1111111111 11111111111 1111
’1111111111 1111111111 de Panlepople, 1111111111 111
² 1111. - 1111111111. 111111111111111111111111111111 111
⁴ volcl comment 11111111 tend 1111111 111 11111116112(12111111111111111111,1111111111
11111 1111111. 1111111111 llll que 1111111111 1’11111111111111111 1111111111, 1111111111111111,
1111111111111 11 11111 11111 11111111111111111111 111111111111 11111111111, 11111111 11111111Ι 111
11111 (11111111111111 111111111111151111-611- 111111. 1111111111 111 rude 11111111 1111111111.
111, 111 1111111111 11111111111 l 1111111 de 111111111111111111111 1111 du 111111161111,
111 111111111111111111111111111 1111111, qul 111111111111 111 111111111 111 11111111 111
dans laquelle 11111111 (11111111151111111111 1111111111 11 11111111111 11 1111111 11 mad
1111, 111 1111111111111111 francs 11111111111 nombre 111 111111. ι (1111111111.)
1111111111 1111111111, 11 1111111 , ⁸ 0111 11111 oeque 1111 11111111 : ι Le 1111111·
ι 1111111111 1111111111111111111111111111- 111111 11 1111111111111, qul lul 111 1111111111,
111111 1111 deux 1111111 11111 1111111111 11 1’111111111111111.ι
1111111111 111 111111, 111 11111111 111111 11· ο1151111111111111111111111111111111111111
11111111 11111111111111111111,111 1111111111 1111111111 1111111111 1111 111111111111 qu
1111111111 11 1111111111111111 111111 1111111 111- 1111111111 111111111;11111,1 1111111111 1111111111
111111,1111111 111111111111111111111111111 quel cel 1111 11111111 11111111 1111111 111 i
1111111 111111111111 1111111111 11111111111111 1111111,11111111 1111 111111 1111111111 111 1111
de 1111111111, 11111111111111 1111111111 11 1111111 111 11 1111 111111111111 1111111 de 111

 

