SUR GEOFFROY DE VILLE-HARDOIN. 11
1333313 110 2111 31331133111131. ¹2²G⁰¹¹ du „0 68¹1.

81133333, 33311133 1 131 13331113 3131 Sim dux, nous 33311133 a vosvenus .
133 11110113 deFranchoki 0111 pria 13 signe de par les barons de France ’qui pris 0111
1131331313313311313313113331111311311- 10 signe de 13 31313 3131133313113 honlo
1111131 31 pour 1131131131] 1330110010, 111333 (11131 31 3131 333333113 Jerusalem,
331113331313313331111. , 3311113113 sire 13 1311 3311333111.

Et 13111 131333 3333311311, 3113113113 me· Et 1331 133 131333 1133 3113313 113133-
1313113 113113111Ιὲ33 pour 111311, par 101 13333 333 333 333 1113111333 (131 11113133
convent 10010111 00111 101110 001111111101010 31111133 1133113 3331311, 3131 131331113-
(131133333131113 31113 133133 3333333133 nant : que 3310031313 „03th commi.
ke vous 1311333331111113, de 13113 31113- 311133311131133111111333131, 33313133-
1311, 3 313113113 3 31311331, 13 1331111 13313331331133133, 3311113 13113 33 d'a-
33 331333, 311333 1311113. 01 311333 1311, 31333 333311, 333131 13113 33 3131
3333111113 13 1333 13 313113 13113 33 11131,3113113331133133313133111131133
13113. 1311113. 01313131 31133 3333311131 33

133 3133131 13 3131131 1313.

. . . 1113131333113. . . 1131331 3331 ...111313133313 ..1133333331313113
damage! 331 331133 31313 33 3313333 333 11311313 333133 1113131113 11 3313133 31 du-
31113 1313. 83 1113131113 313131331313113 1331311133111131331311333 31 (13313111 1333
1331 1111111133 (131133 31 3331313 3 31 13313111 13133333 3311 131311313113133113 11131,
333 31311, k'il 3111131311 3131131, 1 33 3113313333133113333313331333113113111

1111113 11133313 31 1 3311101131 31 1 333 13311313111 331 1333 de 1133333 31 1331 Α

333331333311311331113131113331113113333 31131311, 3333331333113111 n'en 31311
333 1131111333 1333 n'en 31311 311113. 3113313 131.

(1 31101 100 00111101 01 10011·Το 101010 «8113, 133113 3333133 33111131301313-
0001010 10 1 10 10110 (1001101001 001 3113311 333113 13133333313313131131
0101101·Ρο0111100 10 1010110 111101 (1110 111 13 331313131131133113 3131. Si 1333111333,

1110081100 10 01011 01 10000111 10 10110 333111333311111113111331, 333133 3113133131
(1001101001 0011011 (10 0001111· 111 110111 10 13 31313 311 133 de 133113 333313, 31 333 133

1010011001100010111101111011011011110- 131333 1313311 31311 13111131, 31 13 133
10111 0001 0011111 0110 10100001 0111100111· 131333 3133113313131, 333333, 33 3331111
1011 (1110 11011010 1011110111 011 101100 110110 11333 131333 133 331111333 comme nos

,10110001 (1110 110110 1001100111 101· 11 ’1001 111 1313313113131. 1 13 1313311131133 1313113
33 ’13131111 333 11 13 1313133 31 33311113 qum le refusa.
331131313111133 131311 13113.

111331 31111333 grant 31111 33 pule Μ331 31 1133 grant 31111 (131 31333113 de
de 13 13113 31 1133 313131133, 31 31311113 13 13113 31 1133 11313113 31 (133 3131311113 3111

 

