1111011101 DE vam-manum. 2⁴1

11111 111 11 111 11111111. 111 1111 graus (111111111111111(11111111 1111111111
1111111(111111111111111111111111111111- (11111 11111111 (111111 u trois, pour 1111
(11111 111111, 11 11111111 11 1111111111. 11111111. 111 11111111 nulle ville ne 11 si

Or vous 1111111 (111111 qui devant 111111 11111111111111 1111111111 (11111
011111111111111 111111 11 1111111111 (11 part 11 (1111111Ιὶ Griu 11 1111111111111
1111 (11111111111111111111 11111111 11111 fu 11 1111111111111111111111 1111 (11 (111-
11111111111(1111111111111111111111111 1111111.1,11111111111111 11111 (11 1111111-
(111111111111111111111111;11111111111111 111111111111111111111111111111 111111-
(1111111111 1111111 (1181111 111111111- 111111111. 11111111 1111111111111111-
1111 si grans gens (11111111111111 11111 11111,·1111111111111111 sisu 1111 : (11111
plusque chil 111 11111111 (1111110111- 1111111111111111111111111111111111111
1111111111011111 com grans damages some, que 111111 11111111 1111111111 1111
1111 su, quant il 111 111111 11111 111 1111111111111 1111111111 11111111111111111-
11111111111111111111111111111111111111- nomem, 11111111 11 (11111111, 11 11 1111-
11111111 11111111. 111111111 (11 11111, por lor 111111111111111 (11 11 1111,1111111111111111111
1111111111 111111111111111111 la 111111, 11111111111111 11 111 (1111111111111111
1111111111111111 (1111 11111, 1111 autre 11 1111111 111111111111111 111111, (111111111-
111111111 11111· 1111011111 1111 11111111 1111111111111111111111 11111 1111111111
111 (11111111 11 11111111 la 11111. Ε11111 (11111111111111111111111111111111, qui
111111111111111111(1111111111111111111111- 1111111111 111111 par 1111111111 (111111,
(11111111 pour 1111 en 1111111111111111111 111111111111111 (111111 11 1111111111 11

111111111111111111111111111111 11111111 (1111111111 1111 11 deson. 11111 11111 11 ,
(1111111111 1111111111 1111111111, 1111111111Β1111111111 11 celui (1111111111- .“ ‘s

qui estoit 1111111111111111111 111111 com· (11-11111111111[111111]111111111111111111 “’
[1111111111111111111181111111118·ΕΗῙ ρα11111ι11111111111111111111111111111111- , “

’111111111111111111111111111111111111111 111111111111111111111111111111111 ” “

1111111, 11 111 111111 un agan par 11 1111 (111111111111111111111111111111111111111
(11111111 passer. Α (111 11 combatirent 11 1111111111, 11 111111111111111111 111 1111
111 (11110111111111111 11111111 10111 111011 11 el les hounoun 11 [11111111111110111111
pris, 1111111111 11111111 11111111. La (111111111111 (111111111111 11 1111111111
11 111111111111111111111,1111111111( Pempefeour, Emi ru 00„oe mmm„
chevaliers dou 1111111,11(111111(11 ’111- 111111111111111111111111111111111(111
1131111111 11111111 (111 111111, 11 11( pris 111111111111111111111111111 1111111 (11
,11111111(1111111111,111111111111111111111, 1111111111111111111111111111; 11 1111
11111111 (11111111, 116111111111111111111 s’en 1111111 1111 qui 1111111111 11111 (11-
qui coupes n’i 11111, 11 bien soixanwneus 1111111111 111111111111111111111111111111
111111111111111111111111111111111111111 1111111111, 111 111111 on (1111111111111111
. 1111111111111111111111111111111111111- 11 11111 la 1111111111 11 11111111, 11
1111111111111111111111111111111111111· 1111111111 (111 1111111111 111111111-
111111111111111, (111111111111111111- 1111. ·
111 11111111111111 (1111111111 homes 11111111111111111111 1111111111 11 11111-
1111111111111.Ε111111111,11111111111111111 1111, 111111111111 111 1111111111 1111111111.
11 que 11111111111111111111111111111151 Le 1111-(11 1111111111-(1111111111, 1111111111
111111111111111111111111111111,111111 1111 (11 1111, 11 11111111 111 1111111111
(11111111111111111111 (111111 (1111111111- 11111111111. Ε111111111 1111111111 si 11 111111
noble, qni 111111 bien 1111111 111 11111111 1111111111 11111111111111111111 11111111-
1111111, 11 leur 1111111111 11111111111111- 1111111111 1111111. Ε1111111111111111111 111
111111111111111111111111111111111111111 1111111111 111 1111111 11 Ι111111111111.111 111
1111111111, 11 1111 engiens qui 1111 11111111 [111111111111111 11111111.Ε11111111111111
111111 1111111111 11 111 1111111111 (11111- 11111111111111111 1111111 11 111111 (111111
tages 11111111 (1111111 1111 111 1111111111 11111111111111111111111,1111111111111111
(111 111 qui 11111111 11 11111 que che 11111111.Ε11111111111111111,1111111111
111111 11 1111111111111. Et (1111111111 11· 11111111111111111 11 11 1111111111 1111 11
rent 11 (1111, 11 11111111111111 1111111 11111.111111111111111111111111111,1111111-
1111111111111111111,’(111[111111111111 1111 11 1111111111 1111 11 molt durs 111
11111111 (11 1111111111 1111 111111111111. 1111111 111111 &emendicent 11 alerent 1

11. 31

 

