1118 18101111 1111 conN'NNossbE,

111111111111111, pour 111111 11 11 11 Ι 111 11 81111111 111 11111111 1111111111
111111111111111111111111111111 111111 1 11111111 11111111111111.111111ο111111
1111111, 1111 11111111111111111111- «11111111 1111111111111111111111111111-
111111111111111111,111111111,111 11111. « 111111111111111111111111111111111111.
1 sire, 1111111 11111, 11 ne 1111111111 1 1111111111 11111111111111111111111111
a 111111111111 1111 1111111111, 11 ma «11111111111131111111111111111111111
«1111111111, 111 jou irai, 11 1111 11111111111111111111118111,11111111
111111, 111111111111111111111111111. 1 1111 §oum 11 au ’11111 11 1111111111
11811111111111111111111111111111111111 1 [111111 111 1111 11 1111111111111
1 11111111111111111111111 111,]11 1111 a 111111].1111111111111111 11 1111111111
1 1111111111 111 11111111 1111 111111,111 1111111111 1111111111 11111111111111
1 jou i 1111111 Ρ11111 1111111111 je « 11 1111111111 11 en 1111111 1111111111.
11111111 111111 111111. 111111, 11 11 18111,111111111111111111111111111
1 1111 11111111 mie, 111111 11111, que «11111. 111111111111111111111111111111
«vous 11 11111 111 11111111. 11111111 11111 1111, 111111111111111111-11 1111
«111 111111 11111 1111111111 1111111 1111111111 de 1111111111 1111 11111111
11 1111111 teus gens 111 1113111111, 111111111111111111111111111111111
1 (11111111 me 1111111111 1111111111, 111111111111111111.111111’111111111111
1 111111111111111111111111111111111 8111111 11 1111111111 1111111111
1111111011111011111 1111111111. 1 - « Ει je 11111111111111111111111111 (11111111. 11
«1111 11111, 111111111111111, 1111111 et 111111 11 11111111 1 11 1111 por 11111
« 111111111111111111111111111111111] 1111111111, 1111111111111111 1111111111.
«111111,11111 qne vous 1111111111 111111 come 11 cuens dut 1111111111
«1111111 111 castinus. 1 111111 11 11 1111111 que on 11 11111111 1111111,11111111
1111111 1111 11111111 : que li 11111 11111- 1111111111, 11 11111111111111, 11 11 1
1111111111111111 Serre por 11111 qne 11111111111 11 (11111111111111111 111111
1111111111. 81 1111111111 1 (111111 111 lui: que, por 1111 que 11 11111 (11111111
1111111111,1 111111 1111111111, 1 Β11- 11 1111111111, 11111 11111111111111111,
11111 (11811111,1111111111111111,111 11 11111 11111111 1111111111 (11111111 111111
11111111111111111111 por lui garder3 castici 1111111111Ρ11111 1111 11111111
[1111111111111,1111111111111111111111 11111 1111111111. 11111 11111 11111111 1111
(1111111111111111111111111111111111111. 1111 111111111111111 1111 1111111111.

Ε1111111111111111,11111111111111 Μ11111 111111111111 : 1 1111111111
111111111111111111111,1111111111 111111 1111111111, quide 111 11111111

’ 111111 1111111111 111111111111111111 1131111 11111111111111111111111

1111111111111 11 Serre, 11 11 dist: 11111 11111111 Ρ1111111111 1 1111111111111111
11111111 su 1111111111 11111, 11 111 111- 11111111111 11 1111111111 dou 1111111
11111 que 11 11 111111111111, 11111 111 come 1111 11111111111111111111111111111
1111111111111111111111111111111111111 1111111111 11 1111111111 1111111111
111111111111111 11111111 11111111, 11 1111111111 1111111111, 11 1111111111·
11111111 11111111111111 1111111 1111111111 1111 &ambos-deus 1111, 1111 que 11111
111111111111111111,111111111111111111- 111111 1111 1111111111. 11 1111111111
1111ς111111111111111111ος 11 (111111 11 111111111111111111111111 1111111111*
11111111 11111 1111111111 81111, 11, 1111 1111113111, 111111111111, quide 11111
111111111111111111111111111111111111 11 11 (111111111,111111111111 111111
1111111111111111111111111111111111111 11111, 1’11111111111111 11 11111 111 11·
1111111111111111111111. ιι sire, 111111 11111. 111 1111111111 1111111 11111111
1 come 1111111111 11111 11111; 111, 1111 111111, 11 11111111111 111111111111
111111111111111111111111111 1 11111 111111 111111 de 11 gent 1111111111-
1111111111111111111111111111111111 1111111011 1111 che? 1111111111
1111111111, 11 11111111 (11 11 Serre 1111111111 1111111111 1111111 1111111111·
11111111 1111111111 11111111, 11111 1111111111111111111111111111ς1ι11111
1 11111111111111111,11111111 mesoaga Dragmos, 1111111 11111111111111111

1 111111111111111111111111 1111111111 1’11111111,1111111 11 11 1111111111. lle
11 1181111 lorsque 111111111111111, 1111 111 quau-equi 11 111111 1111, 111 com
1111 [111111111111 111111. Quo 1111 111 1111 11,111 1111111111111111
« (11111111111111111111111111 1 vinu-nt, 1111111111, 1111111111 1111111111111,

 

