PAR GEOFFROY DE vlLLE-RARDOJN. 111

marchis 11 11111111111111111111111111111 1 51111111, 11 111111 11111 1111, 11111
11111111 11111111111111111 1111111111 aler, 11 sentement, qui 1111 1 111111. Etsi
1111111111111111 11 1111111111 11111111111111.

111 111111 111111111 111111111111 11 11111111 11111 11 1111111111. Li 1111111111
11111111 11 11 (111111111111111, 1111 11111 1111 1111 11111 1111111. 111 1111 111111
111 chevalier 11111 11 611111111111111, Ε1111111 111 (11111111 11 11111111 1111111111
1111111111111111111111111111. ,

1111111111111 11 111111111111111111. Li 1111111111 11111 11 111111111111 111
1111111111111111. 111111111111111 11111 11 11111 1111111, 111111111111111111111,
1111111111 1111 1111 , 11111 11111111111111 1111, 11 11111111111111111111 11111 11111
11 11 11111 , 11 111 11111111111111 111111. Ε111111111 111111111111111111111 1111111
1111111111111111111·.111111111111111111111 1111111111 11111111111 11111111 11
11111111 1111111, 111 1111 111 1111111111 11111111111111111111111111111 11111
11111111111111 brach 111111111 11 Τ111111. Et 111111111111 111111111111111111
1111111111 venue 1 1111111111111111111111 1111 1111111111111. 111. 111111 11111 11
1111111111111111* 1 1111111111111.1111111111111 11111111111111 11111, 11111· ,
11 11111 1111111111, 11111 hommes bien 1111111 1111111111. 111 1111111 111111111-
11111 11111111 111111111111 11111110111111. 111111111111111 111 111111 de 11
Touo-seins ⁸ 11 111111111111111 3 11 1111111111 11 1111 saint-dorset 11111, 1111111111
1 11111111, 111 1111111111111111111111 1111 1111111 11 1111111. 111 1111 111111111-
1111111111 111111111τί11.

En 1111111111111 11111 que 111111111111 1111111111,1111111111111 11111, 11111111
nonis 1111111111 11111111 11 1111111 11111111 1111111111 11111, 111 1111111111111
1111111 1111111111 1111 11 gent. ’11111111 1111111111, 111 1111 1111111111. 81111111,
11 1111111111 1111111111 11111111111111111. Ε1111111111111 1111111 11 11 111111
11111 11 111111111111 1 111 homes, 1111111111 1111111111 11 ,111 1111111111 11 111 1111-
111111111111111111111111. 111111 1111111111111111 :ke 11111111101111111111-
1111111 111111111’ 1111111111111 vile, ki 1111111111111111111111111111111 1111111
11 11111111 1111111 11111111 3 111111 11111111 111111 1111 11111111111111111111

’111,111111;1111, 111111 1111111 ,tyrann 11111111111111.
111, 111111 jomus. ΙΙ111111111111111111Ι

’11111111 1111111 11111 111 1111111111 111 α11111111 1111111111 111 11111111111111 11 11
111111 11111 1111111111111111111 111 11111111 1111111 1111· 1111111111,111-1111.11,1111111111
111 1111111111 1 11 1111111111 111111111111, 11 1111111111111011111111111 1111111111 111111-
111101111111111111,11111111111111111111- 1111111111, 11111 11111111111111. 11 111 111
111111 11 y 11 1111111111 nombre 11111111 111 1111111 1111111111, 111 11 1111111111111111111
111 11111111. 11 1111111 111 1111111111 111111111 1 111 11111 1111111111 111111111111111011111
1111111111 111111 11111111 11111111111111111 comme 111 11111 111 1111111111111 111111-
11 (1111111. 111 11111111111111111111111101- 111.
111111, 1111111 11111111 11111111.1111111111 1111111111. 11111 111111111111111 11111111

111· 11 61111111 111 comme 1111 1111111 1111111 11 chronique 11 Μ1111.11111111111

111 1111111111 1111,1111111111111111 1111111 111 11 1111111 11 1111111 11111111111111·

111 1111111111111 aits. 1111111111111111 11111111 111111 111111 11111
1111111. 1111111111111111. 1.)

 

