 

 

 

 

111 11111111111111111111111,

1111111111 11 111111111111111 111 1111111111111,11111111111111 1111111111 11
1111111111 1111111111. Enii iu 11 11111111111111111111111111111111111111 111

(111111 1111111111.
1111111, 11 1111 11Β111111111111111111, 111 11111111111111111111111111111111

11111111 oi 11111111111111111111111111, 11 1111111111 1111111111,11 11111 1111111Ι
grant 111111,11 1111111 1111 1111111111111111111 1111111. 11111 11 111111 (111 ii
1111111111111-111 111111111111. 11111111 ii (11111 111111 1111 111111111111111111
1111, si 11 1111111111111 1111111 11 111, 11 1111111111 111 1111, 1111111 1111.
Ei 111111 11 111111, 11111 requisi 111111 1111111111 111111111111, 1111111111 11
1111111111111111.Ε111111111111111111111 11111111. Ei ii 111111 : 18111, 111111
111111111111111111, 111111111111111111, 111111111 Franz, 11 111 11111 11111
1111 11111111111111111111111111 1111111.11111111111111111111 1111 11111-
truite 1111111111. 111 111111111 1111 bien que 11 111 1111111111 11 1111111111-
1111. 1 Ε1111111ο11111111, 11 11111111 11111111, 11111111111111 seiza 11111111

¹ 11111111 11 11111111 1111 11111111 111 111 111111111111111 1111111111111111111-
1111111 1111111 1 11111111111111111 scythes 11111 11111 111111 111111111111111111111111
(1, 15. 11· 111) 1 ι 11111111111111 111811111111 111 11 11111 11 suini-Romaiu, 111 1111111 111
111111111111111111111111 111 1111111 1111 11 111111111 1111111111, 1111 111 11111111 111111-
11111111111111111 personne 11111111, 11· 1111111 1111111111 1’11 11111111111111111111
11111 1111111111111111111111.1,11111111111 1111 11 nombre considerable 11 1111111111
1111 1111111111, 111 1111111111 111 1111 1111· 11 11 111111. 111111111111 1 11 1111 1111
mutes. 11111111111111111 1111111111, 11111111- 1111111111111111, 1111111111 1111111 1111111 11-
1111 111 1111 11111111, 111 111111 111 1111 11111111 11111111111111111111111111111111 1111111111
11 11111111111111 11111111111111111111111 (111, quand 1111111111111111111, 11 Thrace 11
1111111111111111111111 11 1111111 1111111- 111111 1111 qu'un 1111111111111111111111
mes 11111 111 11111111 111 1111111111 1111- 11111111111111111111111,1111111111111111
1111 ..... 1111111111111111111111111, 11111- 11111111111111111111111, 11 1111111111-
111111111111 (11111111 11111111 ne 1111111 1111111111 11111 111Ἦ111111111111111111 111-
11111111,111111111111111111 11111111 1111111 1111111111 11111 111111 111 11 11111 111 11111
1111111111111111111111111111 11111111 11111111 11111 11111 111111 11 1111111111,
1111 11111111 111 1111111 11111111. (1111 11111 1111111111111111111 111 11111111 111 1111
11111 11111111 111 11111 11 1111111111 111 1111111111111111111111111111111111111.
1111111 1111 11111111 11 1111111 1111111111- 111 111111111111111111 11 1111111111 1111111
1111. (11 11111 111111 1111111111111111,1111 1111 11111111111 11111111111111111 11 11 111
11111111 indiction, 1111 11111111111111111 11111 111111, 111111 1111 1111111111 1111
11111111111111111111111111111111111111- 1111 111111 11111 111 111111, 11 1111 11111111
111.» 11 111111, 11 1111111111 1111 11111111, 11 11111

*11111111111111111111111 1111111 1111111 111111111111111 1111111111 111 enom, 11
de 111111111111111, 1111 1111111111 rompii uno 111111 111 1111111111 ¹· 11111

ι 1111111111111111111111111 de· 1111 11111111 11111111 ¹0³ 111111 et 11·
111111111111111111111111111111111· itaut 111 1111111111111111111111
111111 nomme 1111 111 111111 oi 11 11111- 111111111111111111111111111111111111
111111 1111111111. 111 1111111111 111 1111111 1111 maehina. 0111111 11 111 1111111111 1111 111111
111 (11111111 1111111111 11111111111111111111 111111111111 11111111, 111 111 1111111111
1111111 111111111 1111111111 1111111 11111111. 1111111111111111111111111111111111111111
1115111111111 111111111111 1111111111 1111- 11111111 111111 1111 11111111 11111 1111111

 

