‘· 111 mum 111 111111-1111111. 111

11111111 1111111111111111 11 1111111111 11 111111111111111111111111.1111111111
1111111111,1’1111111 1111111 1111111 11 1111111111111111111111111111111.
11111111111111,11 1111111111· 11 1111111111 111111 111 111111 11
11111111,1111111111111111111111 1111 11111, 11 11111 111 1111 1111111111 1111
11111 qui 1 111 1111111111. 11111 111 111111111181111111111111111,1111111·Ι ·
1111111111111111111111111111111111 111111 1111111111 11 111111111. Et 1111
11111 111 1111111111[ρ11 111111111111111], 11111111111111 11111111, 111 111111111 A
1111111111111111111111111(1111111111 1111111111011111 11111111 1111111111
Ε11111 111111111111111111111111 1111, 111 11111118111111111111111111111111 11
111111111111111, 1111 1111111111 111111- 111111111111111111,111111111111111111
111111111111,1111111111111 11 111 os· [11611111111111111 111111111111 11 111
11111 1 1111111 11111111 11111 1111111111 111111 111111 111 11 11111111111,1111-
11 111 11111111,11111111111111 11 11111· 11111 degentem 111 11 11 pot 111111
1111111111111111111111.1111111111111· 11111 1111 111 11111111, 11 1’11 111, 11
111111 (1111111111111111 111, (1111 11 111 11111 111111. 1111111111 11 11111111111111
1111111111 1111 111 1’1111111111111111 1111111111111111111111111111111111111-
11111111 11 1111 1111111111111111111111 11111111 1111111111111, qui 11111 111 111
11111. Ε1 11 [11] 11111111111111,1111111 111111 11 11 1111111111 11111111111111, 11
11111111 111111111111111 1111111111 1 11111111111111111111111111111111111111,
1111, 111111111111111111111111111111111 11 1111111111 11 11111111 11111111, 1111111·
111111111111111 111111111111 11 sam« 111111111111111111111111111111111111
1111111111111 11 1111111111 1111 1111- 111111111 111111111111 111111111111111
1111111111111111. 1111111111 1111111111 1111 1111 11111111111111111 : 111 Pom·
1111111111. 11111111111111’111111111111,11111111111
1Β111 11111111 1111111111 11111111 111111111111111111111111111811111. 111
11 11 11111111111 111 1111111111, 1111 11111111111111’11,1111111111111111111
(1111 11 1111111 plus (1111111111. 11111 1111111111 11 mont-Ferre· ,11 11 1111111111
11 11111 1111111111 11 1111111111111111 11111111 111 11111111111111. Et quant 11
11111111 11111 1111111 1ο 111111111111111 111111 1111111111111 11 1111111111111
11111111111111,1111 11 11 1111111111 1’1111)11111111111111,111111111111 11111
11111111 1111111111 1111111111 11111111- 1111111. 11111111 11 1’111111,111111111
111111 1111111111 1111111 1111 11 11111111 11111 11111 11 111111111111 1111111111
1111111111111111111111111111111111111 1111111111 111111111 11111 11111 11
11111111111111111111111111111 111111- 11111111Ε111111111111111 Sim 1111111-
11111,111111111 gem 11111111111111111 11111 1111111111 111111,1111111111111111
111 11111111111111111111111111, 11 (1111 111111 (11111 11111111 1111 1111111111 11
1111 1111111111111111111111111 111, 111- 11 11 1111111 1111 (11 11111 1111 11111111
lerina. 111111 1111 1111111111 11111111 3 1111111111. 11111111 1111111111 1111· :
11 1111111111 11111111111 111111, 11 11111 11111111111111111,1111111 11111 111·
cheb 111 11 111 11111111111111 1111 11111111111111111111 1 11111111, 11111
1111. Emi 1111111111111111111111111111111 11 1111111111 1 111111. si 1’11111111111111
111-1·111,111ῦ1111111111[11111111111 1111 1111, 11 por 1111111111 11 1111111111
1111111111 1111111111111111111111111111, 1111 111111 111 111111. 1111111111 111111-
11 il 11111111111111111111111111011111 11111111111 1 11111, 11 11 1111 1111111111,
1111111111111111 1111,11111111- 11 11111111111111111111 1111111111. 11
1111 11111111111111111 1111111 111 111- 11111111111111111111111111111111111
1111111 11111111, 11 111 1111111111- 11 11111 : 11111111111111111111111111111
111111 11111. 111 1111111111 111111- 111111111 1111111111,1111 111111111111
runt 111111, 11111111111111 1 11111111· 111111111111111111111111111111111-
11111111111111111111 1111111111111111111 1111111 1111111 que 11111111111 11111111
11111111 1’11111111111111111 1111 111 11111111111 11111 11111 1111 1111111,1
roien. Si 11 1111111111 1111111111 1111111 111111111111 1111111111111111111111111
qui 1111111111111 11 1111111111. Fa 1111111 11 11111. 11111111111111111111111111
1111111111 1111111111111 1111111, 111 Mammam 11 1111111111111111 11
1111 111111 1111111111 111111 1111 111 1111 111111111111111111111111111 (111111111-
11111111. 1111111111111111111111 1111111111 111111 111 111111111111111-

 

