(11 111111111111111111111111,4

1111111111 111 1111111111( 1 11 1111 111111 11111111111111 111111111111111
11111111111111111111111. Ε111111 1111111 11 1111111111 1111111111 1111111111.
Et 1111111111 1111, 11 gens 1111111111 11 11 11111 1111 11111 11111111. 1111111 11
1111111111111111111111111111 cil 111111 11111111-11111 1111111117111111111111.31
11111111111111111111111111111111111, 1111111111111 1 1111111111, 1111111111-
1111111 1111 de 1111111111 ki 1111111111 (11 61111111 moult 111111 11111111 1111. Et
111 1111111111111111111111111111111111111111111 111111111111111111 1111111111-
11111111 111111 111111 111111.

Ε1111111111111111 ki 1111111 (111 siege 11111111111111111111 1111 11. 1111111
1111111 1111111 en 11 vile (11 1111111111 1111111111 111 1111111 1111 1111111111 (11
611111111111111 que (1111111.,Ε111111111111111 jour 11 par 1111. Et 1111111111.
11111 (11111111111111111111111111111111111 111111 1111111111, 11 par 11 grace (11
nien il 11111111 11111111111111111 01111111111111 11 1111111111 11111111,

Ε1111111111111111111111111111 011111111111, 11111111νοί11 1111111111 11
1111111111111111111111 11111 1111111 11 1111111111111111,(11111111111111111111,11111
11111111111111, 11 (1111111 1111111 1111111 11 1111111111 ven 1111 1111. Et
11111 bien 11 cinq 111 1111 1111111111. 1111 1111116111111111, 1111111 (11 111-
mune, 11 1111111111 (1Ἀιι11111111111ι111 (11 1111111 ki 1111 (11 11 1111111111 lays
11 111 1111111111, 1111111 1111 11111 chevalier 11 11111111111111111 mio. 11111111
1111111 (11111111 ki 1111 1111111111 (11 1111’1111111111111111111111111,111111111 (11
motuum 111 11111111 (111111111111111, 11111111 li 1111111111 , 11 (1111111111 11111 gens
1111111 grum partie 11 cinq 111 11 111 1111111111 1 1111111111 1 1111111111111111
111111111111111111111111111111111 liges 111 111111 111111 1111111111111 (11111111
demum pour 11111. 1111 (11111 11 11111 1111111 1111. 11 partirent (11 111111 11-
vorent 111 111111 11111 alerent, 11 eom 1111111111 11 1111111111 port 111 1111111111.
111111111111111111111111111111111111,111111111111111111111111111111111111.
me 1111111 como 11111611111111111111 11111111111111111 111111111111111111-
1111111111 ki 11111111 11111111 1111111111111111111111111111 11 1111111111111
1111111 (1111111111 1111111111 11 1111111111111111111111111111111.11111111
11111111111111111’1111111111111111111111111111111111111 1111111111. 0111111111
1111111111 11111. Α 11111111 111111111111111111111111 1111111 11111 1111, ki Ρ11111
(11 1111111111 11111 111 , 1111111111111 moult 1111111111 (111111111111111, lequel
111 111111 en 11111 1111; 1111111 1111 111 avoir 11 11 gent 3 1111 (111111 11 11111-
1111111 1111111. Ε1 111 (111 cinq 111 ki 11 mutin (111111111111111111111111 11 111111-
1111111111111111111,11111 eom 11 11111111 1111, 11 1111111111* 111111111 11
111 1111111 1111 parler 111111. Μ111111 111111111111111111111 11 11111 1111 (1111
1111111111111111111111111111 11 111111 11, 11Ρί1111 (11 1111111111 plus grant que
tout li autre. Et pour 111 (1111-11(1111111111111111111,11 par 1111 (11 mort ¹ 111
chose ki li 111 1111111111111111111.

ί1111111111111111111111111111111,1111111111. γ1111111111111111111111 (1111111111 11111111
’11111111111111111111111111111111111111. 11111 (111 11 11111111. 1111111111 1111 qul 1 (111·

 

