242 18101111 1111 consummana,

10110 1010001 01 100111 0100 1111101 1101 101001 1011 1 0101111011. Si 101001 11 01-
1010100110101011101011010111010011101 01 110011 000 1001 101 01011· 01 101 101 10011
11011111 0110 01111101 1001101101011 011011100001 000111 1011 0010000110
10011010101001 (10 0101101. ,11011 1010 11 11011000 11011 010101101000111 01100111
011001 01011 1011 01 10011 11010, 11010110 1011111010110111011011 11011101. Et li 1101
“ 1101100101000000, 00010110 0001 11011 1011110011011 grans que il 100111011ου0
10011 011 001 00011111 101001 110010110 10110 01 0101110011100110. 1101110111 11
1010111 (1010110011 01 01111 001 01101001 111101100011001001,110100010111081101
1010111110110101 011101 101001 100111 001 1011111010 00 1001000 00 101010 1111ος
1 10100. 111 111011 100111 10010100110101 01110011 101011 01101101011001 0101101

’ 1 001 jour 01111 10 1011 que 11 (111·ος 01 11 10 1110 000 11 101101οη1 101001. 1111001

(1110 00101001 10011 01110011. ’1001 1 01 01111011010011011101111011110,1001111110
001 10 11111001 0111010 101 011001, 01 101 01011000110111100011110110111010011,
101111001 0000111 01101001 3 0110111010οἰ 001001101οη1 11 11 1001, 10110 0111011001
101001001 11001011 01101 1101111110 000 01110110 100110 0111, 0100010 1101 1001
1 11101010111001110101011010000001101 11 01111001 10101000, (1001010111010 10 11
110 01 101101. 11011 0111011111011010110 peterem 101010111101001. 111 0101010-
’ 01111 10 1011011 0111010001, 01 1111101110- 0001001100111100101001 011011110111 11.
100101 000 001110, 10 0010 00111 1101- 1110000011101100010111011ὐ10110110,
1010111 1001111001. 11 011011010001010111 0000100100101001, 01 001101 gens 00-
01 (100011 01 101001 100110001011 01111 (10 10000101001100110100111101110111110
1011001 0101100011101 0110111001-01100 10100110 101000110010110011111001 Et
101001101101.11111110110 0011001 100- 00101 0110 11100111 0110101101 qui 01101001
1001 000 0011111110110 0011 10 1111011 01 1101111011, 11 101000111001110 10110 01
0110 0111011 0110 1111001110111110011- 11001101001010111010110 01010 100 111011
1100, 001 0101 101010011011 0101,111001; 011000101001 000110101001011 10110, 01
0001’1111101001,110001101 1010001001111 000001100111100 001110 101 1001011100
0001101οΙ 10 11110111 1100 00110100( 101 (0000101001 111101111110101101 101 00-
11011001111101101111100111111111101011 1101 01101 1101111011, qui 0101110111οἰ
01111100011001(111111001000110001001 01101 101011 01000010100111100 11110111
000000111011011100100110-1111οΒ10011, 001110 101 001101 01 0111101101 001. 111
011 10011 10011 00 0101111, 10011 0011 10 00100001101001 101 01101001 1110110 1011
1000101100011010 10110 01 11011001 00 101 1011110110 011001000011101001 110110-
1010. Et 11 0011011 0110 10011011ος 011 1011011 01001οςοῑ 01011001101001 (11011
100110110100101 0110101111111101 1 01 110 1101110100 1’0010010001Μο10110110;01
011110101111011111010, 01011111001100 1101011 101 1111111101 1000101 101101 101
100 000101 11 10 10011 que 111110100- 100101. Et quant 11 111001 101 0101011011
1010011011101101001010110, 111 1010010111 10011 1 0110111, 111010100011101111 01100
1011,οῑ 1011101000οο (00101001, 011010011 10111 0010010101 1101010101 001101101
110100111111101,011010101001 10 101011 1001 (100 0111101 10 1100011010-11100.
(1001 01 10111 00100111οὺ101 0101110101 01- 101110111111611110011111110,0101101001
101001. 10111110101101001 (1001 0011 000 01000101 01011011011, 01 10011 01100101, 01
1001. Si 01101001 1100 0101101111110101- 101101110111.11011001 1010011 01 (10
011010001101,00101111(10111001 0110Ιο01 011111 000 0110 0011011 1101 00 1001010.
01111000011111000010111010.1100101100 (11001 001110 101 0101100101 0000011001
10110101 0010001001001, 0000101 01010- 101110 00110 10 11Ιο1110100.
· 1010111001010111010110001001000 000. 11010101 011011 1111111 molt 01101001
1101100010 11 10 101111 10 1011. Et 0011 01111101101101111010111001(101001110011110
0100111001 10 1010011 0110 1101110000111 000100001101001101100111101000001010111
110100010101 1101010101 11 1101111011110- 010001101001100110011001110 : 0101111001
111111010011011101, 00 0110011001 1001 000101 0001110 1011100010100101101 (101
100 00011,0110010011011011001101100101. 0101101101100110001101010010000011011
1001 10100010 11 0111101 11011100 10011 0111100 001101001011000011 0001100110
100110.11110111010011110101111110101101 11110 00000110 00110 10011, 00101 1011
01111100 00110101 1101 1101111011. Et 01111 0010101, 00 101011111, 0010 grant 000010
(10 11 111101011100101001 0101010110 110’0- 011 011011 00 1011110. 11011 0010 11 0001101

 

