11111111 111 11111111 1111111111. 111 Ι

1111111111111111 19111111111111111111. 11111811111111119,1111111111 1111111111
Μ191191 1111 que 11 11111911 911 1911 19 nomme Ν111111119 11111111, 911111 11-
11111191 111191 191 1111111111, 9111 111- 1191,91111911111111111911111111111911-
111111111 111111. 111111119 191111111 1919111.
111111111911191111111191111191 111191- · 1111111119111111911111111111111191
119 1111111811119,11111111911111011- Thessalia el jusqu'l 1191111111, 911111-
1111111, 1111111191 11111191 bien 11· 11111111111 1911111111 1111, 1111 11 llll-
1111 1111111111, 111 191111191119, 1191111111111191111111111191111111
1111111111111119, 11111 11111 11111 Thebes.
toules 191 111991 11191 avait 111-111111 111111511111111111911911111111191
119119111111911-1119.1111111911- 111911191Ρ11111191, 11111119111 1111191 .
111111 1111111111 111-1111191 111119111 1111111111 quelques 11111191 1111111111-
111111111111191111111111111119,1111111119 19111111111. Georges 1111111119, qui
1111111191 111111119111111119111111- 111111 1111, 111 que 1911111191 11911191
11111111Ἀοί11111ῧ91ὴ19ἑ111111ἶρὲ111111511111 ag 111ἓ11ἓ11ι1ἐ11 dul 1111 11111 1113119ἰὲ111.
9 11 1111119 1 1111111. 1 1191111111 1 1111
Ε’11111811111119111119119111111111119 1111111111. , ’
111111111111111111191119 1111111311911 11 11111111111111111111111191 1111
1111191111119 11111191, qui 1111111 19- trouver 111 1119Μ111191, qul, 1111 111
11111911111 1111 811111, 811911 91 11111119,1’1111191111111111919111111-
1111111, 91 1111111191111191111Ρ1111- 1111911 1191 1111111Ν1111111119, 11191111
1111111 111 1111911911111. 1.1, 1111111- 911 1 11111111, 91 qui 911111111111 1911191
111111111111111119111111 qu'll muger 191919119 91 19 (1111111111. 11111191 11
11111111. Μ11191111111111Ν111ρ1119, 11111 19111111191 111 19 111111911. 11
1191 11 19111 111111191111111111111911, 1111111Β111111111111111111111111191119 “
1111911 1111 1111911 111191111 eux, 91 111111, 91 191 1111111111 111111 1111111911 1
'pendant 11 1111111 191111111911111 191 19191111111. Par leur 1111, 11 1111111 191
11111111 bien 1111111’911,1111111111 (1191111 pays d'llrla 91 1911119111
111191911111111. 11111911111,1911111111 1919111 eilge 19 11111111. Les [11111111
19 11111191,11111111111111 1911 1111, 19 11191119111111191111111111111 191111-
11191111119111111191 19 1111911111. 1911 1 1111111111 ⁴. - ll 191 111111-
1191 61911 911911, 1111111111 1119111119 1911191 911111111 1111191911 1911119 ,
11111111, 1911111911191911119111111111- comme 111111 19111 qu'll 1111111111111,
11111111. 01111 11 111119111111191 1 111 1911-1119(1111111111111119911111

111 11111, 111 111911 1111191111 decollet propre 11119 (1111111111111 11119 11111 .

111119. 111111191111111111119111111- 11119), 111111111111111.

11111111 1111 un monceau de 111119 91111 1111111111111111911, 1111919111-
1111111 111 11 1111111191191111911 111911111111119,1)111119191’911191911
111111111111111111111111191 111111- 11111111 ⁸. .
1111191 19 111 9111111111,11191119 11111 11111111 111191161111111111,
’111119161111111 19 (11111911 ⁸, 11111- 111191111111.

1191 1111111111111 1111 19 Ρ111111111 91

11111111 9111111111 1911191911. 111 ’(1· 1111111181-
1111191911111111111919111111111111111- ⁸16.. 111.

· 1111 1119111111111 1111111111 11111191, 111111111.

*6. 11111.,1. 12.
11111111, 1111. Ι 111.. 1. ⁸2.
’111 111. «1199111111111111111. ·

111111 11 1111, 1111 mmm 11111. l 11, l. 8,1.11, 11111 912111.

 

