11 11111111 111 11111111111111,

11 1111111111 plus 111 1111 111111 11111111 1111111, 11, 1111111 11111111 , en 11111111
1111111111 111 trois 1111 mile, 11 1111111111 1111111111 mondo 11111111111111,-11 11
11111111111111.

Lon 111 11111 pertonuerant, (1111111111111111111 Mon-Faba 111 11111 11111111
111 111111 1111111111 11111111ι (1111111111 1111111111 111111111111111 11111 11111111
11111111, 11 com il 1’11ο11111111111111111111, 11 111111111111111111111. 111 11111111 nom-
1111 11 lieu, 111 11111 11111111 1111 111111 11111 11 1111111111 1111111111 11 1111111111-

11111 1111111111511111-31111111,1111111111111111111 111111111111 11111 111 111111111111111111 111
1111111111111111111 11111111 111111 111 11111111, 11111111, 11111 1111 11111111111111111111111111111
11 11111111 111 1111111111111111111; 111 111 111111 1111 11111 1111111111111111111“11111111111 (111 11
111111,111 les lieux 111111111111111111111111 111111,11111111 1111111111, 111 1111111111 1111 nos
11 1111111111. (1111111111 peu qu'on 11111 11111, 111111111111 1111111111 11 1111111111 1111111
111111111111111111 111111111111 11 11111 1111111111 1111111111, 11 111 nos 111111111 1111111111 1111111
11 que 1111111, nous 1111111111, 111111 que 11 1111111,11111111111111111111111111111111111111
11111111 11111111111,111 1111 111111111111. 11 1111111, 111111111111111111111 111111 111111 11
. ι 111111 1111 11111,11111 mes (11111111111111 11111111 11 11111, 111111111111111111 1111111111·
1111111111111111111111 1111111111 qui 111111111 11 11111111111111 11111111 11111111111111111 11-
⁴ 111111111111111111 1111111111111111111’1111111; 1111111111 11 11111111 1111111111 11 non 1111111
1111111 pour 11111111111 1111 1111111111111 11111111,111111 11111111111111 111111 11 11111111
1111111111 1111111111 de son 1111111 111 marchand , 11 1111111111111 111111111111 11’1οω111111;11111111111
111111111111 1111111111111111111 1111111, 11 1111- 111111 1111111111 (11 saus-cmm, 1111 11111111
11111111111111 11111111 (111 111 11111111 111111111- 11 11111111 111 111111111111111 111111 111 1111111
§ent en 111 maison, 11111111 111111 111111 111 11111 10111111 saw „1 111 mm, 02 οη {mene 11 (111,
1011111111 θῑ 11111Ι 11011 01111111 1110111111111111 α1111111111111111 qui 111111 1111111111 111 111
111111, 11111111111111 1111 111111 11 1111111 1011111, , ,1111111101 ω en ηοω 50„ em,
’11 11111111111111111111111111. Lequel tontes 1111. comme ,1 μου, „003 11 peu„ mmm, ·
1011111 11111111 1111010111θῦ 110111111111111111 ¹¹0 ·Or. n'enunt 1111111111 11 1111111111 111111
1101111011 10111 10110 1111111111,11 0000101010οΩ1 plusieunde 0010010000110111111011ΛΙΟΜ nom
11111 1110111015, 1051111011, 110 1118801110Ιᾶ00 011011110- ῃοὴεῃιὶῃῃῃῃες, {munst [roupe W 103 ms
1111111 ⁸1¹¹ 1111111111 1111111 ¹¹¹ 111 101111 · ⁵0 1111· 1111111111111111 1111111 temps 11111111111111·
Ι1111111111111111111 11111 111111,11 non 111111 me, 111, armoe, 1101181111, 550„ Qum, 1„
’1111 1111 10111110 (mmm 1110111111161111· 11111111 (1111111111 1111111111111111111111111 1111-
101 11 Affl'm 111111* 1⁰ 101111 11110111111111· 11111111111111111111111111111111111111 11111
10010141800111110), 110110 0011001111 00 00111100 dflsslm dm {gun minum„ '03 um qu} ῃ.
11, de 111111111111111111 1111111 1111111111, 111 111111 11111111 de 11111111111, 111 1111111111
11111111111111111111111111 111111111111111 contemplatam 11 111111111111111 111 111111
1111111111111111. 11111111, (11·111 11111 dn 1111111111 1111111 1111
«01111111111111111111111 11111111111 111111 111111 111111. Quo! 11111111111, 11 1111111111
1111110111111111111, 1111111111 1111111111111111, 1111 1111111 1111 11111111 1111111111,111 1111111111
111111 11111111111111111111111 11111111111, 1111 111 11111111 111 1111111 1111111 11 111111111111111
11111111111111111111111111111111111111111111 111 111111 de 11 1111111111 11 1111111 bone.
111111111111111111111111111111111, 11111111· 'comme autrefois 11111 11111111 11111111 1111, 11
1111111111· de 111111 1 11 1111, 1111111111111111111 1111 co 1111111 111111 11 11111111111111111111,
11 1111111 11 nous 111111111111111111111111111111 1111 111111111111 11111111111111111111111-
1111111 ente 111 11111111,11111111111 111 nous 1111111111111111111111111, comme 111 111111 11
’11111111 1111111 11111111111111 11111111 111111 111· 1111 111111 111111 111 1111111111, 1111 111111 du
11111 1111111111 1111111111111 1111111111111 1111111111. 11 1111111111111111111111, 111111

 

