Pin GEOFFROY DE vrnrn-Hinnoni. 79

1111111111111111111111 1 1111111111 8111111111111111111111 11111111 111111111-
11111 1111111111111111111111111111111111111.

1111 1111111111Ιὶ 11111111 1111111, 11 11111111111111111 grani 111111111111 111 11
1111111 1111111 ¹. 111 11 (11111 ii 111111111111111111 11111111111 111111111111111
111 1111111 grani 11111. Li 1111111 111111111111 11 moui 1111111111 ii 11 1111111111
11111111111111.11111111 11 joie monii 111111, 11011111111111111111 11 1111 1111111111
11111111, 111 1111111111 11 11 1111111111 que 11111 11111 1111111. 111 1111111111 prin
11111111111811111 11 1111111111 1111 11111111 que, ponthieu, s'nlnisreni herbergier
d’auire 1111111 pori, 1111111 1111111111 11 deniers 1111111111 111, 111 11 nierbergoienr
111 111111, ii douioieni 11 11111111111111111111 11111111·, 11 bien 111111111111111
1111111111111111.Ε1111111111111 ii 11111111 1111 serviren 11111111 1111111111
kil 11111111111111111 111111 k’ii ior 1111111.111111111111111111111111111111111 1111111
1111, 11 11111111111111111111 pori 111 grani 1111111111 111111111111.

011111 111111 1111111111111111111 1111111111111 111110111111111111111, 111 11-
1111111111’1111111111111111111111111 11111111111111111111, 11 1111111111 11111111,
1111111111111111 1111 viiie 1111111. Der 11111111111 111 1111111111 111 111111 Conr-
111111111111 1111111111 11111111111111 1111 11 ἰ 1111111’11111111111111111 monde.
11111111111 1111111 11111111111 11111111 111111111111111111 111111 1111111, 1111111111-
1111111111111 1111111 1111111. Par 11 1111111111 conscii 11111111111111111111 11
derisi : que ii 1111111111 11111111· 1111111111111111 1 11 111111 1111111111 saint
Pione, 1111111 11111. 11111 conr 111111111111 ii inii. (1111111111 11 1111111111111111
11 11111111111111111111111 1111111111111111111111111 111 11111. Apris 1111111111
11111 111111 kil 111111 i 1111 dei 111 ⁸ 11 11 111111111111111111 11111 ei 1111 1111111
111111111 1111111 ii 111111111111111 Venisse.

Li 11111111 1111111111 1111111111 11111111 1111111111 11111. Μ1111111111111111
11111 11111 ii poi3 11 ir 11 dini bien 11111, 111 11 11111111 bien 111111. Un jour rint en
1111 11111111111, 11 11111 lenonie 1111111111 1111111111. 11111111111111111111111
11 Venisse 11 ii 11111 baron 1111111111, 1111111111111111111 111111 11 1111 :

1 81111111, 11 111 1111111111 11111111 1111111111 3 11 1111 1111111 111111 grant

¹ 111 11111 111111111. 1111111 1111111111111111111111 1111111 qu'ei-
1 11111111, Grion, (11111111 111111111 111111 111 11111111111111111111 1111111111 11111 1111-
11111111111111111111111 1111111111111111111111- 1111111 11111111, 111 1111111111 111 11111111 11 111
111111111111111111. 11111 111111,11111111111111111111 111 11 1’11-
’01111111111111 11111111 111111111111111111 gent. (cn. 1.)
1111111111116,1111121; 11 111111111111111111 ’11111111111 111111111 11111111111111, 1111
11111 111111 = 1111111111 1111111111111. 11111111111111111111111111111111111. r 11 111-
⁴ En consummatori. 1111, 111-111111. 31, 11111111111 plusieurs 11111
Ι111111111111111111111111111111111111111111111· 11 111111111 1111111 boire 11111111 1111 11
8111111 11 i·r 11111111,1111111111111111111 111111 111 1111110111 qui 11111111 1111 111
ron 1111 11 1111111111 1111111111. (111 811111. 1111111111111111111111 1111111111111111111111111,
Ν1111111111111 1111111111, 1. rin) 1111111111111111 1111111111,11111111111111111
·111111111’1111111111111111111111111111111111 11111111, 11 11 111111111 111 michan! 1111111
1111111111 i 1111111 1111111 111 1111111111 11111 111111111111111111111111111.ι

 

