111 11111111 11 1111111111. 111

11111,11111111111 engiens 111111 de 1111111 1111111111 1 1111111111 111111-
111111111 11111111 111 111 111111 11 111 11111111111111 11111111, 11 111 1111111111
111111111111111111111111 11 beu 1111111111 1111111111 1111 1111111111 pour
Dieu lenimur ki estoit 11111. 11111111 11011111111111111 11111111 1111111, 11 pn'-
1111 1111111 111 1111111111111. Μ111 1111111111111111111111 1111111111 111111
de 1111111111111111, 11 111 11 poi de 1111 11111 111111111 111111111111 ee 11111111
11111111. ’111111 11111 11111 1111111 tens : k’il 111111111111111111’11 11111111111111
11 8111111111.

Li 1111111111Ι 11111 111111111111111111 11 1111111 preequ et en 1111 pnrdnnd
1111 dieue ki 1111111111 11111 1111111111 puis 1’111111111111111 1111111111111 1
1111 11 1111111 11111111111111111 11111 11 1111111 8111111111 11 1111111111
1111111 bien 1111111111. Ει 11111111111111111111111111111111111111 111
1111111111 11111111 moreni 11111 111111 111 1111111111, 111111 11111 111111111 11
11111111 perdu 11 11111111 1111111111 11111111 111 berone. Ε1 11 1111111111 k‘d
aluissent 111 111111 visor ¹3 11 ee logernient 111111 111111 ki 11111111111111111
11 1111. End 1111 1111111111,1111 111111111111111111 1 11 1111 1111111. Si 11 11-
111111111111111 1111, 11111111 111 11111111111111111Β1111111, en 11111. 111 11
jour k'il 111111 logie, 111111111 1111111111111,11 11111 l’empereuur Benduin, 11 11
disent-z n'Sire ,11 1111 ne 11111111 11111111,1111 11111111; 11111111111111
11111, 111 111 1111111111 1111111111111111 le mur 11 1111111111 11111 1111 111
1111111111 11111111111111.» 1111 demenda 1111111 1111 111111. 111111 11 perde
11111 11 11111111 1111 11111 11 1111111 1111 11111111 1111111 15111111, noue
11111 11111 111111, 1111111111111111111111 11111, 11111111 1111111111 11
1111111 111111111111111 111111111111111111,111,11’1111111111, 1111111 111111-
1111111111 111111, 1111111 1111111111 111 barrideum 111111111111111111111
bien 11111 eenu 111111111111111 n’en 1111111 111 plne. Er manderent 111 11111111
111 11111111 1111 1111111111, 11 1111111111 11 1111111·11111111111111111111
11111111 1111 11111111111111111 1111111111 111111111111, 1111 11111 1 111 1111

1111111111111 edere. 111 11111111111111 111· 1111111111 1111111111111111111111 1111111·
111111111111111111111111111111111111111, 1111111111111111111111111111111111111111,
1111 1111111111 111 1111111 pur 11 1111111111, 111 1111111111111111111111111111111111111111-
111111111 111111 111 111 111111111111111111 1111111111111 purus 110111111111111, 111
11111111111111111111111111111111111111 11111111 campere 1111111111111 1111111111
11 temper ue 11111, 111111 1111111111111111 11111111111811111111 11 apres 11111111111111
celere, 1111111 111 1111111111 1111111 11111111 quelque 11111 pour 1 prendre deu 1111111111,111
1111111111 qui venderentur 111 1111111111 11, 111111111111111111111111111. ι

111 11111111 11 1111111111. 11 111111 qu’uue 1111- ¹ 1111111, 1111111111 1111111111115111111.
1111111111111111111111 11 1111111111 11 ἱ111111. ’

11111 contrudere 1111111111111 prendre 11 11- 101111 111 11 phrase 11111111 1111111.
11111111111111 11111111 ..... 111111111111111 1111111111, 1111111111 9111, marre
111111 1111111111011111111 1111111111) 11 1111111181,111111111.

11111111111111111111111111111111111, 11111 ⁸ 1111111111, ordre. ·

 

