Ρ1111110111101 DE VILLE-HARDOIN. 125
diople, 11 11111 111111111 11111111111111111111111111111111 111111Ε1111-11111

quant n’oserent 1111111 11 1111110111111111; ains 111 11111111 1111111111 11 11
311111111111 1111111111 1 11111111 1111111. Et 1111111111111 1 moult grant doute,
11111 111111111 1111111 111111111111111 11 111111111 11111 11 fors 3 111 1111111111
111 1111111111 111111 1111111 11111111, 1111 11111111111111111 111111. 1111111111
111 11111 merent 1111111, 1111111 1111111 11 (11111111111111.
11111111111111111111111111111 111111111 1111111111111111111111 111111, 1111-
remque 111 1111111111 111111 11111. 1111111111 11 1111111 :que 11 1111111111 manda
111111 111 1111111111111111111, 11111 1111111111111111111111111 1111111111 1111
1111111111111. 11 quens 1111 11111111 Ρ1111111 1111111111111 Ρ1111110111111 111
11111111111111ί 1111111111 gena que 11111111111111 111, que 11 3111111111111111-
1111111111111111,1111111-1111111111111111111, 1111 1111111111111111111111111111111-
1111, 1111 11111 111 1111111111 11111111.111111111111 1111111Μ1111111 11811111-
111111111111111111111111111111111111 111111111 111111, 1111111111111111111111-
111111111’11111111111111 1 Ν1111111·, 1111111 1111111111111, si 11 venissent 1111111.
Par 111111111111111111 1111111111,111111 111111-11111111, 11 111111111111
111111111111111111111111111, 1111 1111111111111111,11Μ11111111111 1111111 1111 11
gent 1111 11 [11111111111; 1111111111111111, 111111111111111111111111111 11111. Et
11111111111111 11111 11 111111 611111* 1111111 1 111111111111111 611111111111111.
11111 1111111111 (1111111111 de 1111111 11 111111111111111111111111,111111111 11-
111111111111 1111111η 111111 1111111111111111111. 111111 1111111111111111 quatre
joun. Li 1111111111 Β1111111 1111111 111111 11111111 1111111111111111111111111111
gent ‚ 11111 1111 111111 1111111114. ’1111 1111111 1111111111 jour 1111 11 111111111
10111111111111111 1111111111. 1111111111 1111111 11 111111111111Μ111111111
1111111, 11 111 gent, 11111111111111111111111111181111111113111111111; 11 1 ·
¹ 1111111111 1111111. Ι 1111111. 111111111111, 111111111111111111111
¹ 1111111111. 1111111111111111111111111111, 11111 1111111111
³ 011111, 11 0111111111111111111. (11111 111, y 11111 1111111 11 111111 avaient 11111
⁴ Ammre ‘lu'm 1816111111 (mie. 11011 il 11111111111111111111,1111111111111111111111

111 11111 11111111. 1111111111111111111 1111 111111 1111 11111111

’11111111 111111111111111111111111 111 11111- 11111,1’1111111111111 peu 111 11111111111111
11111 (1.1) 2 1111 (11111, 111 11111111 1111111 se 111111 1111111111 vanaque. 11111111111111
11111111111111111111111111111111ῑί111, y 11- pris 11111 sago 1111111111 1111111111 11111 11111·
1111111111111111111111111111111111111111. , 1111, 1111111 111 111111, 11 a 1111111 1111111111
1111111111,11111111111111111111111111111111 1111111111111111111.(11 111 11 111111 11 11-
1115111111 1111111111111111111111111,111· 1111111111 1111111111 11 1111 que 111 11111111
1111111 possible pour 111111 111 1111111111. 1111111111111111111111 111 11 11111 1111111
11111111111111 11111 1111111111111111(111 111111111111111111111111111 1111111111. 111111 11111
11111111 plusque 11111, 11 1111111181111-1111 11 111111111111111 11111111 1111111111 111 11111
11111111111111111111 1111 1111 111111111111 111 1111111 1111111111 11111111 11111111 11
111111111111811111111, 111 1111111111 111111· campagum 11111 111 11111111 1111111111 11111,
gana) 1111111111 11 1111111111 11 11111111111, 11111111 111 111011111111111111111 1111111 1111
111 1111111111 1111111111 111111 111 111111 111 11111111 111111181111111,11 quoles 1111111111
1111111 1111111 11 long 1111111111111. 11111111 111111111111111111111111, 1111111111 111 11111
1111111 111111 11111111111111111 111 111111- 11111111111111.1

 

