41111 ammes. 11

1111111, 1111111111, 1111111111, 611111- Τ1111111 0111111111, 11 111 111111111 11-
1111, 1111111111, en 6111111111ρί11, 111 1111111111 1111 1111111111 clergie 11 son
111111111111111 611111111111111111111111 11111111 1111111 Lien, (111 1111111 111111
111111111111111111 111 [111111111111111111 1111111111 11 111 1111 11111111111111
11111111 1111111111 sont nominis 1111- 1111111111, 1111111111 1111 1111111111 111
111111111111111111111111111111111 parmam 1111111111 1111111111, 1111111,
1111111111,11111111111111111111 1111161,11181111111’11111,111’11-
111111111111111111111, 11 dumont 11 1111111111111,111111111111111111111
11111111 1111 1111111111 111111 (1111111111 1111111111
1111 111111111111111111111111111,111(11 111 nobles 1111111111 homes, 1111111
,11 ¹un 111 111111111111 1111111111 leur Jordan 1181111111,1111111, 11 1111111
1111111111111111111111111111111(1111 Guiiieime 1111111111111,111111111111 du
11111111111111111111111111111111111 11111111111111111111111111,111111-
que pourieront Griex 11 1111111111 1111 11111111 11 1111111111 11 11111111
1111111111,1111111111111111111 ii 11111111111,111111111,1111111111
1111111111111111 111 1111111111, doivent 111111111111, 11111111 11111111 11111111
(111111111111111111111111111111111111111 111 11111-11111111, 111 11111111 11 peuple‚
1111111111111111 111111111111111111 pour 111111111111111111111111111,1111111111·
11 (11 ’11 soient 111111 11111 111111 1111111 1111111 (11111111 11 (11111111 homa (111
111111111111111.111111 1111111, 1111111111 1111111111111111
111 choses 1111111111, 1011111111 commun 11111111 111111111111111
1111111111, 1111111111111111111111111111 es 11111111111111111111111111111111, 1111111
11 present 11111111111111111111 111111 1111111111 11 1111111111 11 11111 eonven-
111111111111111111111, 111111111111111· 111111111111111811111111111,1ο11111
Νο11111, 1111111, 11111111111, 11 1111111 111111111111111011111111 11 lennes,
Communia 111111 11111111,111111111 1111 11111111111111111, 11111111, 11111111,

’ ’ 111111111111111111111111111111111, (11·1111111,11111111111111111,111111-

11111111 (1111111111 1111111111 11 11 111111111111111111111111111111 11 111
1i¹reviiege 11 1111111 1111 11111111111111-1111111111 (1111111111 11111111, 1111111111
1111111, 11111111111111111111111, 111111- 111111111111 111 1111111111, 11111111,
111111 (111111111111111111 11 (11111111 111111111111111111111111111111111111,
Juge 111111111111111111111111 1111111111
Neues 1111111111 11111111111 111111 1111111 1111111 1111111 11111,1111111111
1111111 Ν11111’,1111111111111111111,1’11 111111111111111,1)1111111111 1111111111
111111111111 Νο1111 seigneur 1161, en 111111,111111111111111 111111111 111-
1’1111111111,1113111111111111 11111111111111111111111111111
6111111111 6111111111 1111111111 111 1111111111 11 1111111111 11 commun 11
111111 1111111111 111111111111111111 111111 111111 111, 11 111111111111111
111011 1011 111111111111111111-1111111111111111111111111111111
1111111111,11111. 11 111111111111111111 1111111111111111111
1111 1111111111 111 1’ instance de 1111 111- 1111111, dores 11 11111111111111,1111-
1111111111111111111111,111111111111111 11111111 111111111111111111 111 1111
11 111 1111111111 ei magni· -111111 11 111 1111111111111111111111111111111111-
11111111,11111110111111101111,1111111,111111,(111111111111111111111111111111
111111111111111111111111111, 1111111111 1111111111111111111,1111111111 11·
du 111 11111111 1111111111,11 11111111 11111111111111111111111111111111111
1111111111,11111111111111111111111111
11 1111111111111111.
¹11 ο η 1111111, 11111111111111111, 11111111111111-
saiw 111111111111111’11111111
’1111111111,111111111111111111111111111111 queussefflmdegsousnomffiffi [ouem
’11111111111111111111111111111111111111111
’1111111 11111111111111111111111,1111111111111111
’ 11111111111111. 11111111, 1111111111 (11 3111111011 de 11111111
¹ ius-auguste el 1118111111, ι odini* 10111011ΊΠ601Η10110101, Sflffl (leche

1511111111.

 

