1111 11111111 1111111-11111111. 111

11111111 11111, 11111111’1111111; 11 1 1111111111 111111 1 111111111111 eu 11-
111111111111 1111111111 11 111111 1111111111111111111·, 1111111111111111 11111. Et
111111111111111111111111111111111.Ε1Ρ1111111111111111111111 1111111 11111111111
11 1111111111 1111111, 111 11111111111111111 11 1111 11111111 Ε1111111111111111 11
11111111111 11 11111111111. Et 1111111111111111111111111111111111111 1111-
111111 111111 111111 111 111111 11 111 proies.

Τ111111111111111 111111 111111111111111 11 1111111111111. 11111111111111111

1111111111, 111111111111111111111 11 11111. Et 11111 111111 guerre 1111111111111111,
11 1111111111111111111 1111111111111.

0111111111 11 1111, 11 111111 11 Τ111111 111111 111111111 11111 qui 1111111111 ⁸
111111111111. Et 11111 111 111111111Ν111111 grant ⁴, ki 1111 11111111 11 11111 que
Thodre 111111 111111. Et 111111111111111 11011111111111111111111 grant 111111 11
1111111111 1111111111. ΕΙ 111111 que 1111111111 1111111111 1111111111111111111.

8111111111111111111 1111111111111111111111111 8111111111111111111111111111111,
11 111111 1111 1111111 guerre.

En 111 termine, li 11111111 Β1111111111Μ1111-1111111111111 1181111111 11 s'en
111111811111111 11111111 11 1111 1111111111 11111 11111111 11 1111111111. 111 111111

111111 11111111111111111111111111 11111Ρ111111111. 111 11111 11 11111 1111111 11
11111 1 1111111111. Ε111111111 1111.

11111111ιί11 11 1111111 111111 11111111 11 11 1111. 1111111111111 1111111111
111111 1111111111111111111111111111, 11 111111 1111111111111111 11 1111111111,
1111 1111, 11 par 11 1111111111 111111111111111 11111111 11 1111 1’11111·. 1111111

11111111111111. ι 5111111111, 111-1111111111 [1111111211111111 11111111111 11 11111·
· 11111.1ο1).1111111 1111111111111110111- former 111 1111111 11 11111111111,1’111111111111
111111111111111111111111111 111 1111111111- 1111111111,11111111111111111111111111111111111
cum 1111 11111111111111111111111. 10111111 11111- Ρ1111111111. 1111, Splcueg.) 01111111 encore
111111111111111, 1111111111 11111111, 1111 ΙΙ 1111 1111111 1111111111111111111111111111111-
111 11111111 1111 11111111111. 111). n 11111 111 11111111111111111111111111111,
¹ 1111111111 111111 11 111 1111111111111,111 11111 811118111111 1111111111, 1 1111111111 11
1111111 11111111111111111111 11 111 temps 1111111111111111.1111111111 111111111 111111-
111111111111 111 11111111 11111111· 01111 11111 111111111111.
1111111111 111, 111-11 (ρ.111),11111111 111111 ‘sermea
1111 11111111 11 mur 111111111111 11 111 ⁷455, ὓ1111,· 1111, 11111 ,· 1111, 1111111111.
1’111111,11111111111111111-1’1111,11’1111111 11 1111111111 nom 1111111111, 111 111 11 11111
01 ῃ ⁰¹5⁸1³⁸⁸¹¹¹¹ demmme ,11111111111111 1111111111 11111111 111111 111111111111 1111-
111. ι’ 1111111111111 11111111111111111.)
¹ co furem 1111 11111 11 1111111111111111 ·111,1Ἀ111,· 9111,1Ἀ1111111; 1111,1Ἀ111.
111111111111111111111111111111111111, 11 11111 111 11 1111111 1111111, 1111111111
³ 1110111111, 111111, 11111 111111 de 11111111 111111 11111
1 mm, 11111111111111111 11 1111111111 11 11111111. 11
11111111 111 111 1111111 1111111111 castellare voyage 11111111 que 111111111111111 1111 111
emensas, (01111 ming, 1, 1, e. 11, willelm, 1111111 11 111111111111 1111111111111 1111111
1111111111. 11 1111111111. 1, p. 111 111111111. 11111111 111 5111111111, 11 11111111111111111111
1111111111. 1, 11111.) Le concile 1111 1 111· 11 1111111111 11 pas 111111111111·1 1111111111.

 

