11 ’1111111111 1111111111111111,

01111111 1111111, 1111111111 11 11111111 11111111111111 11 11111 1111111111 11111
1111111111 1111, 1111111111111111 mie 11111 11 111111 11111 111111 1111111 1111111
mont, quant 11 1111111111 111111 111111 11111 1111111 111111 1111 1111 111111 11111 1111
11111111 11 111111, 11111 111111 111111, 11 111 11111111 1111111, 111111 1 11111 11111
’ 11111111 11111111111111111111 11111111 11111311 111111 11 1111111 11 1111 1111111
111111 111111 11111111 1111111111 ¹.

Ε111111 11111111 111 11 1111111111 cui 11 111111 111111111111. Ε1 11111 1111111 1111-
111111 , 111 11111 11 11111111 11111111 11 111 1111111 11111 1111111 puis 1111111 mons
11 111111. 1111111111111111 11111111 111111111111111111 11111 veniae, 1111
1111111111 111 11111111ῑί111 111111 1111111111. Lu 11 1111111111111111111 111111. Τ111111
111111111111111 1111111 11111 11 11111 11111111 11111111111,1111111 1111111111 1111111111
11 1111 : 1111111111 1111111111 1111111111111111111 :

1 81111111, je 111 1111111111111111 111 1111 1111 111111 11111111,111111111
autrefois 1111. vous 1111111111 111111 grant 11111111111111 111111111111111111
gens 11111111111111;111111 111111 1111111111 que 11 111111111 1111111111. 81-
111111 , 11 11111 11111 11 11 111111111111, 11 1111111111111111111111, 11111111 gent
1111 111111111111111111 1111111181 111111111111111 11 11111 111111111111111-
11111 111 1111111 1111111111 gens dou 1111. Si 11111 1111111111 1111 11111 garder· ,ke
111111111111111; 111111 1’1111111111111111 pertire, 111 trop 11111 pol 11111 111
que 1111 1111111111111111111 111111111111111111111·11111111111111111111111,
111 1111 11111111111111111111111111111111. 11111 11111 prendre 1111 11 1111111111
111 11111 11111 11111111 1111111 1111111111 1111111111 1111111111 111111111111111111,
111111111111111111111111111111111111111 Sires 111 1111111111 111 plus 11111-
11111 11111111 111111 1 11 111111 que 111111 1111 11111. 1
ὓ Α 11111111111’11111111111111111 1111 baron 3 11 111 1111111 1111111111111111

speculum (1111111111 1111111 11111111111, 11 11111111.
’111 111111 111111111111111111111 speculam. ΙΙτ111111111111111ς1111111111.1111111111111
1111111 1111111 1111111111 merum, 1111 11111111 1111111111 1111 111111111111111. ι
1111111111111111111111111111111111111111111 'Cumanos 111 111111111111 11 1111-
111111 1111111111 1111 111111ς (111111111. 111.) Ι 1111111 111 1111111. 111, 1111 1111111111 111111-
ι1111111111 1111111111111111 11111111111 111111111111111111111111111111111 mmm!
1111111111111111111111111111. 1111111111 11111 1111 11 11111 1111111111. 1111, 1111111 nh·-
11111111111111 11111111111111111111111111111 1111111111 1111111111111Ι 111111 111, 111111 11111 11
11111110111111111111111111111111111111111111, mim. 01 1111 ²· 111 ⁸ 1110111 ⁹¹⁶⁸· 1111111 1Ιίηι
11111 1111111 1111111111 11111 11111 11 11111. mh· ⁶⁰ 111 11110111 mm ⁴¹⁰ 1011101 ΙΙΝ·
1111 11111111 111111 1111111 1111 1111111111. 1111111 11111 11111111111111111111111111 11111
¹ 111111111111111 11111111111111111111 1111 11111111 1111111111 111 1 1111 1111 nb 111 11
ι 11111111 1111111 1111111 (1111111111111111 1 qui 111 1111 11111111111111111111111111111·
1111111111 11 longum 11 a 11111111111111111 11 11111 1111111 111111111 11111. 111111 1111111
111111 11111 111111 1111111 511 111111111111111111 1111 11 1111111111 111 1111111 11 111 11111 1111.
11111111111111111111. 11111. 1 · ·
¹ 1111, ι 1111111 1111111111111111 11 1111111 111 1111 1111 11 111 question 111 1111111 1111
11 1111111111 1111111, 1 1111111 11 11111 1111111 1111 1111111,111111111111111111111 11111111 11
1111111111πί1 111111111111.» cumulat.

 

