PAR Guouuuou DE vluuunuunolu. 133

111111 111 11 11111 11111· 11111111111 11111 11111111 1111 1’1111111111’11 11111
1111111111111111111,1111111111Μ11111111,1111111111111111, 1111 111111 cinq
chevaliers que 11 111111111111111 mie. 11111 e’eu vineunt, 11111111111111111 11111
111111111111 1111111, 11 1111111. 11111111111111111 nouvelle le 11111111, 11111111
Ρ11111111 111111, 1111111 1111111111111111111111111111111,11611111 1111111111
111 11111111 0111111111111, 11 Milon 1111111111 1111111111 1111111111.Ει111111111’11
111111111111111111 11 1111111111111111111111111111 ruet 1111111111 que 11 1111111
1111111111111111, 11111 n'en 11111111 autre 111111111 1111111111.

0111111111 1111111 11 (11111111111111, 111111111111111111 1111111111111111
le 1111111111 1111111111111111111111 1111 1111111111 11111111111111, 1111111
11111 11111111 11 11111111·. Et 11111111 111 1111 111 11 Ρ1111111 ⁸ estoit 111111. 01
1111111 111111111 (111111111111111, 111111 11111 veut: que eu 1111111111 1111111111
111Ρ1111111111111111111 Ρ1111111Ὀ11111111 111111111 geue 1111 1111111111111111
11111111111111111111111111 1111 gent ‚ 11 bien 111 111111111111111111,111 11-
1111111111111 11 Β111 8111111111 1111111111 11111111 1’11111111111.Ε11111111111·
11111 11 1111111111,1111111111111111111 1111111 11111111111,111 111111111111 que

11 11111111 11111111. Si 1111111111111111111111111111111111111111 11111111. Et 11 ’

11111111111111111111111111111 1111111111 111111111111111. Si 11111111111 111.
mungens 1111’1111111111111111111111111111 aureola 1111111111 1111111111 111111

· 11111111111111111111111111 11111111 111111 11111111 11 111111 1111 11111,11

(1111111111111111111 111111 11111111. 11111 1111111111 11111111 11 111 1111111
mie 111111. 1111111111 1111111111111111111111 1111111111111111111111111 11 11
1111. 1111111111 11111111111,1111 11111 11 eom il 11111111, 111111 quei! 1111111
1 1111111111111111111111111111111111111111 1111111 guent 1111111111 111 1111111111,
lituis 11 Β111111111111 11111111,111111111111111111111111111111111111,11111111
111 ⁰⁸3 11 111111 111111 u’en 111111111111 11 1111111111 1111111 1111111 1111 ru 11111
euru 1111 ne 111 111 11111111 111111 1111111 trouve, 111111111111 111111111111
1111111111. u Siue, 1111-11 1111111111111111111, 11111111 11111111111111111,111
noue 111111 tout 1111111111111111111 Et 11 111111111111111111 1 Meu 1111111111,
1111111111111111111111111111111111111 Ε11111111 ki 1111111111 11 11111111, 11
1111111111 1111, 1111111111 Periere-geme, 11 jou m'eu 1111 111111 pour tenir
1111111111111111111111111111111. 1111111111 1111 111111,1111111111111 11111111-
11111111. 111 111111 Periere garde 111111111111111111 111 , eume 111111 11 1111111111111
11111,111 1111111111111111 chevalier 11 1111111111111111111111111111111111111
1111111 11111 111111111111 111 1111 111 1111111111· 1111111111. 81 vitque lor 111-
111111111111111111111111111111111111111111111111111111111 111111, et 1111111
1111111111 endroit eure 11 111111. 111 1111111111 111 111111 maugier, 11 11 1111111111
mugierunt, 111111 11111111.
1111, Geram 11111, 61111117, stus. nom Ι17111111 111111.
111111 pense, 1111111111111111111, quel 11111 1111111111. (v. 11111111, 11. 1.)

ducente 11 1111111111,111111111 11111111 11111- ’1111111111111111111111111111.
1111111111 1111111111111111 111111111111. 1 111111111111.

 

