PAR GEOFFROY 1111 11111111-1111111101111. 115

(leole dolomense 11111111 11111Η1111, 11 111111’111111111111·, 11 111111 111111 11
111111111111 Nostro-llum 1 11 Ρ1111111111, 11111111 le 11111Νο1111-1111111 1111
(11111111. 81111111 1111111111111111111 111 11011111111111111,11111111111111111
1111 1111 1111111111 11111111111111 111111111111111111111 11111111 11111111, 111 11
1111111111 8111111111 ⁸' 111 11111 111111111111110111111111111111, el 1 111111 1111111111
11 811111Μ111111111111111111111111111111111 [1111111111 1111.

El 1111,11111 11 11111111 1111 11111111 11111111111111,111111 11111 11 gent
111111, 1111 11111111 1111111111, 111111 1111 1111111111 partie 11111111111111111111
11111111111111111111111 avolent 1111111111 11111111111111. 1111 111111 par 11111
11 11111 quanqum 11 pol 11111 111111, 11 111111 1111111111 111111 (11111111 , 11
puis 1111111 1111111111. Ε1 111111 11111111 111111111111 111, 11 toul 11 111111111111 11
1111111111 111 11 11 11 11 1111111111 111.

Quanl 11 1111111111 111111 1111 que 11 1111111 11 1111111111 1111111111111111
11 6111111111* 1111111111. 1111111111111111111 nigrans gens 1111 1111 1111111111
11111111Ν111111111 1111111111116111111111111111,1111111111111111 11 1111111
111111111111 111111111111111111111111. 111 111111111111 11111111111111111111
1111111111, 111 1111111111 11 1111111111. Ε111111111 li 1111 11Β1111111111111111
11 1111111111 111111 par lorche. 11 1111111111111111111111 gent 111 1111111 11111 que 11
111111 1111111111 111. 11111111111111111111 1111111111 111111 11111111, 11 11 11
1111 111111111111111111,111111111111111 111 11111111111111111(111111111111111111
11111111111111111111111111, 11111111111111, 11 1111 11111111 Ρ1111111·1,11 prison.
1111111111111111111111111111111111, 111111111111111111111111111111111111111111111.

1111111 1111111111 111111 11 Ν11111 com 1111111111, 11 qul 111111 1111111111
1111111 111111 1111111111 111 mer, 111 111111111111111111 1111 1111111,11 garnie
1111111111111111111 11111111 11111 11111111 111111111111111111111111111111111
bien dol mlle ‚ 11 111111 11111111111111111 1111111. 01111 111111111111111Ν111111
111111 prise par 11111111111111111111111111 1111111111 gens 111 11111111111111, 11
1111111 11111111 1111111 11111111 , que 11 11 11111111111 paraus meismes. Sl 1111
11111 1111111111111-111111111 11311111111111, 11111111111111111111111 111111111
1111111111, 11111111 11111, 11 1111111111 11 111 11111111 111111. El 1111111111 1
1111111 111 1111111111 11111111 11 11 Franco 11 111 111111 11111111 11111111 11111111.
0111111111 11111-11111111 11 11111111,11111111111111111 11111111,1111111111 111111
11 11111111111111111111111111111 lours k’il 1111111111111111111111111111, 1111

¹ 111, ll 11111 1111111111· 91111, 1111111111111- 11111111 1111 1111111 11 11111 1111111. 11111 1111111
111111 llll, 11111 111 1111111110111111111111111. 1111111 l‘lplo 11 1111111111111111 111 11111·

1111, 11 3111111111 loll, 11 1111111111 1111,1111111 111 1111111 11111111 11 11111111·
181, mmmm. 1111 pour 111 1111111111 11111, 111 1111111111

’81111111 11111111111111 1111111111 1111-111111111111111

⁴ 111111111111. 1111111111. 1

1111111. 11111111 11111. 11, p. 811, ld. 11 151111111111111111 1111 1111111111 111,
nonu.) 11111111 11111111111111111111111111111) Ρ111111111111111111111, Ρ11111111111111 1111111-
111 111111 111 1111111111111111111111111111111 11,111111111111111111111111111111 1111111111.

, 11, 19

 

