10 0011001110 110 0011111011110010,

00101 101 010 11100101011101,11001010010 001011110οῑ 1010110 1011 ¹ 10 10 1110,
1011110 10111 0111 10011100 111001 01111110 10 1110, 100 1001101 100 10011 ⁸. 0101101
00111001010100110011111011 1 00111 10111001 :que 1101 101 11001 1101001, 11110111
000 8110001 1οΜ001-1011,011111100 11011 1010110111101110110, 111 1000111 001011 1
0000 1010111110 1111110110 101 0111001111’011.11000 101100 111 (11111 11110011011
001 110100, simona 100 110101 10 1101110110101110110011,01110111111 1011001111
011011 0111111 010101011 11 chistiana 01 011101 00110. 11100101101111100111111111100
111 001 110111 11001101 1100110 101 10 1100111011010001101011101 10 Βο111·, 01
111101 101110101, 01101 100010010111100 111100 101001010011.1100110101111001011
101 011, 0010 vous 011101. 110111 10 110011001101100011111000010100101 11001
11001011 0111101111 100 1011101.

· 101100101000011101001101010011011101111011 1 11001011. 0111101110 1111 1100-
101010011011 1 0011011·, 00 11101100101100 1100100010,0111110101011010010101001
101 1110111101, 1101 11110 11 10101001 00110101011111 100011001101111110111111 00 11
01110111111101111001 101011 10111111, 1101 11011111 11011 801100·11010100111 110
1100111011001110. Et li 10101011 1010 Philippos 111001110100. Et 10 1000011 10001
11001 1010 01 1 100011 11101 11000001. 1111 111111111 101 10110111110101101 111111
1001111100011001. Et 0001 101111001 10 101110111101.

1101001100 1001, 0111100 11010011 1101 111111010011110100 ’1.110111001001111001
0111110101110110101110001, 01111 10 1111011010011011, 0111 111001 101011.

11110111 11 partirent 01 0011010011001101111. 11100101101101101101 111110η 101

111100011 0001 1010101011010 1 1111000111 010111101Ιο 1010000. 1111 1011111000 ι 111001
1011111001 01 100110ιο1 ,1010110100 ,4001100111 00011010 (101101 101 10011 01 101 10101
0100100, 010001 011000101118010011101010110 ⁸ 111, ι 0110011111011101001101110110.1
0011101100Ηο1001101011111. 1101101 011001 010000 ⁴ 111101110111011 1011100011 111111, 101 11011011
0100011 1001001, 0001010 01101101 1111101110- 1111101οΙ000111101010010010001001111111111-
0100 011001 1110111111 10 1100110111,1011011001010 10001110 111101 1011111001110101111111010101,
100111, 11010101 01111011011000111111001 101110 11100111061000000.1
11010110101 0010111 0001111010οε1 1110110011, 10 Ι11110.11011001010010111110111 1011111010·
1001100 10 1011110 syrie 11011010 1101011 100111 10001 0111110110 10101110,0,0, 1101 10000 1011.
800101001001011011111011101, 11110010 111111 010100 10 10010110 1100 1001 10000100111
01 10 111100111111010 10111011110000.1100111 1111110.
semen 110 11100ιο10111. 1111011110 0111 00111101. ⁸ 11 100001 1010110501010.

01 Α1100 110 1101010001 001010 11000110 ’1’101-1-1110,1111011010.
10010 11000101101, 001 01101 00 0001001001- 'Cortum 1101 110101 10 11011110 0110110
111011. &orsm- hadulphus 11 1110010 61101101, 11

¹ 11010. 110111001 0111111110.

’1011 1001100 1111010111 111101 11111110 10 -0 10 1000000. 111 10110110 11111000, 1111 10
11110,101011, 1101001001 101 1011011111 011 1001 101110010110011011010010111110000,10111-
1100 11110, 000 11000 11100101110,11 1100 11100 110111 10010.

111100111110010 01010001. Le 01100001111111 ω11010000.

110111001111100101101110 1011110101 10010 01101 ¹¹ 151, Coram.

1110111111 1010011. 1111111101010000000 1011· ⁸¹ 1111, 11110101011110111010001110.111111 1
10011 ι 110111 0110110 1011110 01 10110111 11 111 10111001110111101110100110 1110. ι

 

