PAR 13111331 DE 11111Ε-11311111111Ν. ’” 313

tupris 13 1311. Si 33 tterbregiererrt 33133 3311333313, 3313331133133133333313, et
33333333 et 33313333 3133133 3333133311 3333313333333333 molt.

33333 Β3333133 33 1333333333 333 33 333· 1133 133333 3311ἱ 331311 33 3113 331313 333
3331133 1331331’3333333333Μ333133113,333 convient 11 mie 333133,33313331 33133311
11 33311 13133133 13333333 31 1133313, 333 3333133 31331311 1133 33 33333333. 31313331
freres, 3333311333313331113133333. Bo· 333333 31311 331313 13 333333 33 3333331113
3113333, 11 3333331313 33 11331-133333,1131 333113333 33 Mem-Ferret, 13 333333 11
13333133 gens 33 herbregierent teretes 331313 33 Β13113333 3333331, 13 1333313
pree de 1331113.Ε331131133 1133333313 33313 11333313, 333333 133 3133 3 3313
corne 3333 3333 31, 31 (133313311331313 331 33131331 33333313 retu 11 133-
33133 13 1333133 Ρ333333ΡΙο3133. Ε111 3333 133333 31 grans 33311 n‘en i 311313
333331333333111333 31330333131333 33311 meins 333 en celui 33 333313-33-1333.
langui 1331 113133 d’une 113333 333313133 cascum 33333113 331313 ki 333333 11 13,
31 33 33 3331133333. Ε133311133,333333311 de 33 gent, et 1131 13 133333 garder. Et 133
331311 grans damages 3 oeus 33 1331, 333 331333 33333331 1333313333333333 331 13
molt i 33311 boin chevalier 33 33333 311133331331133331. Et 13 31 grans li 333133
31 31331133 un tutarier. Ε331 reponerent 1313333333 33333333 333311313313113,33
31311331ὀ31,331 3331113333113333,33133311. 13331 331333331, 33 13 3313331333333313
,1131311 33333333331113331331133 ne reposa 313333133333333133333,31333[3333] 331333,
33133 3133 3333331313 133133 333 gene 313131 31 333 3333. 33 3313, 31 333 reuben 331333
333 11 13311333311113 133 1133333133 33313 11 31331333 31 hermines. et de tous 133 11333
33 13 331 3313333133333311 31313 3133 3133- 333133331 3133333313333331133333 33 13333.
3333133 3333 331333 rues, le 3133131333 Ε1 bien 3333331333131133133311113-1133-
queit 331 33 31313333 33 tort, et 31313 331311 333333313333301333333133313333
333 porte 333 333 331313 Ρ3313 01333. Ρ33 3331331 31 pour verite]: que, 3313 333 11
1113333331313113333133113.Ε1333133131 mone 13 3313333, 33 tu 1331 3333313 333
333 131 331 1313 3333 331 : etde 13313333 31113. Caecum 33131 1333131 131 come 131 t

3 ne 333331 mot 31311 33 1331. En retenuit, plot, 333 11 33 133311 33333. Ε3331 331133-

333333 133 1333333333 13 marchis Β3311333 333313333111331331331111331331333.11113

, 33 111331-11333333 33 331 33313 gene, 331 333331313133313333333133133131333333

33 333131331333 11 Griu 33 133 33333333- 1133133 3331133333333 33331313313331331
sent, 3313331 13 1333133333 31 133 (13133. erte 33 3333313 3331313313313313 33 31-
Si 3333333133 13 31113 3 3333333333 313 3333331 333311111331133331, lepraque
3133333 33311 duremort, 313331 33133311 3133133113 (1333113333 333133, 33 3313
. 31133333313133313133133333313 3133 1133333331 en 33131313333113313331
13311 11333 133331 13 en (Ionstentinobte 3333333331 bien 33 333331 Nostro Segnor
33133331131313313131333313313133131 1333, 33311 333313331ιηὶ3 3133 33 31331

3 33333 maisons 1311 11311 33 trois 33311333 333113 homes 33333333, 31, 333 1313 331113,

311133 33 1133333. (1313 3313 1333333333, 31 33 3331331 plus 33 13313 3333 mite pris 333
3131 11 1333331 13 3313331 33311333 31 13 31133133 1331331331331113333 33333333,
1333 3333333331 1311 par 13313133331133 31 en 1333133 3333131 33 13 331333 1331333.
313333333113313133333333333133131113.Ε1 133313 3313 333 13313 1331, 33 333 13
1331333133 133 3333333313 313313133331 3333331333Μ331-Ρ33333, 33131333 33133
313333331331331313333333331133’33313331 133131 33 333133331333 barone :que
1311 13 jor 333331, 333 11 ne 33331331 mot 1333 11 333133 1311 33313331 33333313 1331
333 11 3333333333 s'en 1331131313 nuit. eportet 3333333313, 31333331113313333333»
st ne 1333333331 333333 331 13331 333333- 31 jure, 31 1313 3333333313333333.Ε1133331

’ 133 333, Lors 3133333313 11333331313113331- nonme 1111333 13313 33133333 3113 33131
3 133333 33 Meet-Ferret toute 13 marine on 333 13 garde 333 1133333313 31 333 113313-

droit 3333 Β333113σ33-11333 3 31 33331 11 31333 31 33 1333 133 plus 131333 3333 prust .
313113, si li 13 333333 [11 3313131, 333333 trouver. Et 1333 333333133331 3 3333133
133 3133333333 331 33131331 dedens. 13 13 333133 31 3 3333133 3333331313131 333,
133331 1333333311 3133 3331333133 331333 aperta bien, 31 11 331333 33333331333333313

,33133131331313133 3333311313 3331313 333 3333311133, 331 331 333133 33 1333
133333133333133311133113333 33 F rauce, 33333, 33 133 131333. Aine 3333333133331
3313331133133333333313,3113333313 331 3111333 333 33331 11 3333311333 3 3313313

 

