· 111 111111111111111111111111,

1111111111 11111111 z quoles 111111 11111’1111111111111111; si 11111111111
111 11111111111111111111111111 1111111, 11 1111111111. .

111111111111 111111111111111 1111 111111111111 111111 ses us 1111 11111111-
11111111,1111111111111 11111 11 111111111111111111111. Et 1111111111 111 11111
se 11111111 1111. 111 11 0111111 11111 11111 tresque 111111 (111111111111111 ·.
1111111, 1111111 1111111111, 1111 111111111111 11 1111111 li murisuhuus 11111111-
11111 111111111, 111 111111111 1111111111111 11 011111111111111, 11 1111111111
1111111. 11111111 11 111 11 Venisse 11 1111111111 111111111 111 1111 111. 111 11111-
11111 1111111111 111 1111111111 11111111111111111111 011111111111111. (11111 il
1111111 1 8111111111, une 1111 111 1111 1 1111 111111111111 (111111111111111, 111
111111111111111 Β111111,Η111ἰ 111111111 11111111111111111. Ε1 1111111111- ’
111111ι 111111111111111111611111111111111111 1111111111111111 1111111111 gens
deu 111111111111 111111 111111. 1111111111 mie 11 1111111111 , 11111 1111111 11 11 11111
1111111111 11 11111111111111 0111111111111111111 11111111111 81111111111111111
111111111111111111111111111.Ε1 d'nulre 1111111 urae 8111111111, si 1111111111
11111111114 11 Les-Pigus3 11 toute 11 1111111111 11 111111Τ1111111 Li 111111 ³.
1111111111111111111 1111111111 : que 11 11111111111111 111111111111111111111
111111111111 1111111111 1111111111 les autres 111111 11111111111111111. Pons 111
11111111 ru 1111111 1111111111 11 evesques 11 8111111· 11 Ν111111 11111111111111111
1111111111 111111111 11111111111 6111111111111111 111111 grant mes-uisu, 11111 111

¹ ι 1111, 11111111111111111111111111111. 1.). Ι ⁴ 1110111111111111 111111, 111 111111 1

111 11111 11111 1111111111 11 11111111 1111 111· (1111111111111111111111,111111 prendre 1111
geue 111 11111.111111111 11 1111111111111111 1111111111111111111 1111111-11111111111111-
1111111111 11111111 11 (11111111111111 111 11111.111111111111111111111111111111,11111-
11111111 111111 111 11111111. 011111111111- 11111111111111,11111111111111111111111111,
11111 1111111 11 11111 11111111111111111 unus 111 disens: ι (11111111 11111111 leurs 1111111111 11-
111111111 1111 11 1111111 111111 1111111111· 1111111111111111111111, 111111 11111 11111111
111111 111 1111111111111111111,1111 11 1111 11 1111 111111111111111111111111111111111111·
1111111111 11111111 11111 11111 1111111111- 1111,11111111111111 1111 111 1111111111,-
111111, 11111 1111111111 111111, 1111 111111- Ι1111111111 11111111.
11111, 1111 11111111111111. 111111 111 scythes. ’111111111111111111111111’111111111111-
11111111111111111111111111 111111111111- qu’en 111111 11 1111111 11 1111111. 1111111
1111111,1111111111111111111111111111111111111- qu’en 111 11111111.
1111111111 pour 11111111111 111111 111111111 ι 1111111, suessionensis 1111111111, 111111111-
1111111 11 11111111 11 leurs 1111111 111111111 111111111111111111 611111111111111111111111-
111111111111111111111111111 11161111 111111 1111 1111111111, 1111111 1111111 1111111 1111111.
1111111111181111111, 111111111111111111111 111111 11 1111111 sepultusque 111111 narnensi
11111111111111111111111111111111111111 81111111111111111111. 11111111111111 1111 111·
111111111111111111111111111111111111111111 1111111, sub testamento 1111111111 11 11111111
1111111111111,1111 11111111111111111111111111 111111111. 1111111111 111111111111 1111111111111
qu! 1111111111111111111111111111111111.ι 111111511111111. 111 1111111111 (11111111 111111
Ι511111111111111111111111.(1111 111111111 111111 1111111111111 11111111. (Ρ. 11.)
11111 1111111111 111111 11111111 1111111 1111111 'ce 11111111111111111111111111111111111
(1111111111111. ( 11111111, 111. 1.) 111111111111111111111 11111111 su 1111 1 ee
*11111 11. 11111. 111. 1111111111 11111111 1111111

 

