180 CONTINUATION

1111111111111111 111111111111 11111111111111, 11111111111111111111111111111111111.
Ceste 111111111111111111 dn 11 Ρ1111111111·, 111111111111111111111111111111
point 11 111111 gent 11111111 11 nolui 1111111 11111111111111111111111111 Siren 111
1111 11111 : 111 bien 111111111111 111111111111111111,1111111111 1 1111111111 111111.
0111111 111111 11111111 111 11111111 111111111 111 1111111111 11 11 genn 1111111·
1111111111 111 1111111 11 111111111111111,111Β111111111111111 111111 1111111111 11
11111111111111 11 monn 1111 prison 11 11111111, 1111111 1111111111111.Ε111
pnnfin 111111111111111 1111111111 111 111111111111,111111111111111111111111111
1111111-811111111 1111111111111111111111111 1111111111 11 11111 11111 111111
gent, qun 11 11111111111 Β111111,11111111111111111 11111 1111111-11111 11111111-
1111 , 1111 1111111 1111 11 1111111 111111111ζ11111111111,11111111 nent 1111111111
111111111,1111111 111111 61111111··, 1111111111111111111111 111 111 11 11-.
1111, 111 11 1111111 11111111111111 1111111111 1111 chevaliers, 11111111111 111·
1111111111111111111111111111111111111; 1111 1111111 111111111111111111111111
1111 1111. 111111 111111 1’11111111111)111 [111111111111 n'i 1111 1111 1111111 3 1111111
111111 gent 11111111 1111111 innocent, 11111111 1111111 1111 111111111 1111111. 011
1111-111111111191111111111111111111111111, Nostro Siren 11111111 1111111111
111111 1111111111111111,111111111111111111111 11111111111111111111111111111,
111111111111111111111111111, 11 qun 111111 11111’11111111’111 1111 1111111111 el
1111111111. 011111, 1111 signnm, qnnq 1111111111111111111111 1111 11 11111111,
11 quel 1111111111111 11 1111 1 11111111 11 (111111111111111 11 111111111111111111111
1 11 1111111111111111 1111 1111111111111111 11 1111111111111111 11111111.
11111111111111111111111111111111111 11 111111. 1111111111111111111111,
1111111111 11 1111111101111111111, 11 si 111111111111111111111111111111.1111111·,

³ 11111111111111111111111111111111 (1111 111111111 11111111111111111, 111111 Burin.

111 111111 111 1111111 111 Ε11111 111111 111111111111111111, 11111111111111111 111
111111111111111111111111-11111111111-11, 11111Ε1111111111111111111111111,11
11111111111111111111111111 11111111 1111111111. 111 1111111111, pontone ke 11111111
11111 11 11111 1111111111 1111111111 111111, 1111111111 111 pour 1111111111, 111111
1111 11 11111 1111 11. 1111111111111111111111,111111111111111111, 1111111»
11111, 1111111111111111111 11111, 11111111111111111111111111111111111. 111-
1111 11111111 1111111111111111111111111111 1111111111111 11111111111111111,1111
11 111111, 11111111 haine 11 main 1111. Quo 1111111111-11 11111111111111111 confre-
1111, 11 1111111 111111 11111111111 ligna 1 11111111111 Hunni , 1111 jum 1 portet 111
1111111111 11 11111-11111111111111 11111 signent. 1111111 11 11111111111111111 111-

¹ 111111 111111111111111, 11111 11111111 ΙΙ111111111, 111111 111111111111 1111 11
1111111111 11111111.. ’ 11111111 111 1111111111.
¹ 0111111111. ⁸ 111111111111111111111 1111111 111111 111
³ 111111. 11111 111111111111 11111111111111111111111
*81111111 ’1111111111-1111111111111111 11 111111.
11111111 11 1111111111

 

