11 1111111111 11 11111111111111,

111111 dedens 11 11111, 11 1οη1111111111111 111111111111, 111 grand 1111111, 11111111,
111 111 111111 1111 1111111111 1111111111 111111111111111111111 111111111111. Li
11111111111111111 111 111111 11 1111 commoneo 11 11111 1111111111 li 61111111
1111111111111 11111. Ε111111111111111 1 111 11111 que 11 11111111111111 11 1111-
111111111111111111111111111111011111111111111 1111 1111111111 11111· 1111 11111, par
11111111 porte 1111111111 de 1111 11111111 1111. 111 111111111111111111111 1 11111
11111 1111111 111111 11111111. 11111 1111111 1111111111 11111111 panni le campaingne 11
1111111111111111111.11111111111 ς1111111111111,11 111111Ι 111111111111111 pars.

Che jour 1111111 Η11111, 11 111111 1111111Β11111111 1111111111111111111111,11
gain 11 engiens (11111111 11111111Ρ11111111,11Μ1111111111111111111111111, Β111111111
(11311111111111111111111 1 111 11 11111111. Ε11111111111111111111111111111111111
111111 1111111111 1111111111111·111111111111111111, 11 11 11 [11111111 111111 111
11111111 part. Ε1 111111111111111 111 1111111111 1111·,1111111111111111111,11 11 111111
1111111111 1111111111, 11111 1111111111111 1111111111 1111111 111 111 111111 11 111
11111111, 11111 111111111 11111 1111111111111 11111111111111. 111 111111 111 1111111111
11111111111111111, 1111 11 1 11111 bien (1111 1111111 11111111 mais 111 11111111 11
1111 11111111111111111111111111111. 1111111111 grant 1111, 111 1’1Ι 1111111111 1 11
1111111311 1111111, 111111111 11 grant 111111 degent que 1111 1111111111 11117 11111
1111;111111111111111111111 11 11111111111111 1111111111 1111111111. Et 11111111
1111111 1111 1111111111.

Β111 1111111 ρ111111111111111,111· 11 111111 111111111111111111111111, 1111111111
11 1111111 plus (11 quarente. Ε11’1 1111111111111 111111 plus 11111111 111111 1111
1111111 11111111111111111111111111111111111,11111 1111111111 11111111111 1111111111
non. 11111111111111111111111111111111111111 11111 1111 1111 1111111111 111111111111
1111111111 11 111111111111111111111111 1111111111, 11 1111111111 11111111 1111111111
111 11111 11’111111111111111111,11 11111111111111111111111111111111 111 111111111Ε111
1’1111111111111 1’1111 11111. 11111111111111111111111,11111 111111, 111111111111 11
pot menet de 11 1111 gent. 11111 11111111 1111111111111111111111 111-1-111, 1111111111
1111111111111,1111161111111 111 1111111111111 11 11111111, 11 111 11111111 111
11111111 111111111 1111111111.

(11111111 111111111111111111 111111, 11 1111111111 111 111111 11111111 1 111111 111
111111111111111111, 11111111111111 111111 11111. 111 quant 111 (111 11111 111111 111,
11 1111111111111111111111111111 petit 111 1111 111. 11111111111111111111111111-
[1111111111111 11 1111111111111111 111111 11 pelais 111 111111 111111 11 1111111111
1111111111111111111111111111111111111111111111 gent 1111 11 1111 11111111 111 111 11

· 11111111111 = 11111111111111111111 parles J ’11111111
111111111111111111111111111111111111111.(11.12.) ¹ 11111. 111111
¹ ' 1111. ⁸ 11111111111 1111111,111.
‘celle sorno 1111111, suivant 11111111, 11 ⁸ 11 1111111111111111111111 1111111 11111111
1111111111 1111111111,1111111111111111 11111. (11111111 11111111 1111111, 111 11 111111 11111111
*81111111 ‘ [1111111111 111111111111 1111111111; 111111-
1811111111111, 11111111 111 1111111. 1111111111111111 1111111111111111 111111.

 

