1111111111 1111111111111111. ’ 111

1111111 1 1111 1111111111111111111111 111111 111111, 11111111 de 11111111, 11
1111111 1111111111, 11 1111 111 111111 111111111111111111 11 111 11111 1 11-
111111111111, 1111 111111 1111111111- 1111111111111111,111111111111111111111
11111,111111111111111111. Ε11111111111 1111111, 11111111111 1 11111. 111 quent
1111111111111111111111110111111111- 11 11111111111111111 11 111 1111 111
1111811111111,11111111111111.ο1111111 11111111, 1111111111 11111111 mie que 11
11111111111111111111111111111111111111. 1111111111 11 111 111111111 11111111 111
111111111 sere 1111111 come 11 11111 3 soir3 11111111111 11111 11 11 11 n'en 111
111111111111111111 11 111111111111111, 11 111 11111111. 0111 1111 1111111111111
111111111111111111111111111111111111·- 1111111; 11111111111111111111 11111111,
111111111111111111111111111111111111- 111 1111111 111111 qui 11111111 111111.
1111111111111111111111111111111111111 Au 1111111 111111 1111111111 1111111111
Ι111’111111111111111111111111,.11111111 11111111, 11 11111 1Ἐ11111111111; 1111111
111111111111111 porrus. 111111111111. 11111111111111111, 1 11
· 1111111111111 1111 1 111111111 3 1111- 111111111111111,1111 11111111111111111
1111111111111111111111111111111 1111111- 1111111111111111 Ν11111 Sires demonstra
111111111111111111111111111111111111 bien que 11 111111111111 1 111111 111111
11 11 11111 ‚ 1111 aspremont que 1 111111 11111 11111 1111111 11 1111111111 11111111·
111111 1111111 11111111111111111111111 queen 11111 bien 11111111 1111 1111
111111111111111111111111 11 1111111111- 111111111111111111, 1111 damage 111111-
111111111111. 111111111 1111, 1111111 111 1111. 11111 11111 111111 (111111 11111 111-1
111111, 11111 quint 1111111 11 11111111 111 1111,11111111111111111; 11111111111111-
11111111111111111 1111111 11111111 1 1111 111111111 1111111111111111111111 111111-
more. Or veelle 1111 que 11 11111 11 11111111111111111111111 111111111-
11111111111 1111111111 rome 11 111 que 111111 1111 que che 1111111111, 111111111Ι
111111111111111, 11 que li 1111111111 11 1111 11 111111 1111 111’1111111111111
1111111111111111111111111111111 mais 111111 que 1111111111 111111 1111 11111-
11111 que 1111 1111,11 1111111111 111111 111111111111111111111111111 111111-
1111111111, 1111 1111111111 111, 11111 1111, 1111 1111111111111111 1111111111-
111111111 1111111111 1111, 11 grant, 11111- 1111,11111111111111 redemere, 1111 11111
11111111 111111 , que, 11 111111 111111111 11111 11111111 1111111 11 11. Ε1111 11111
11 1111111111111-11,1111111111111111 ’ 1111111111611111 11111111 : que 1111111
1111111111. Τ1111111111111 111111- Sires 111111 1111 1111111111, 11 que 1111
111111 1111111111 1111111111 1111111111- 111111 11111111111111111 11111 11111111·
1111 1 11 11111 neque 11 1111111, 11 quel 11111 1111111111.1111 11111111111111111,
111111 111111111111111;111,1111111111111, 1111111111111111111111111 1111 1111111
111 11 11 1111111, 11 11111 111 qui de 111 11111111111111111111111111.Τ11111111111
11111111111111. Que 1111111111 111 1111 111111111111111111111111111111111111111
. 1111111111111111111111111111811111111, 1111111Τ11111111111111111 11111 111111-
1111111111 1111 grene 11111. Μ111 1111 111111111111 1111111111111111111111
1111111111111111111 11111 come je 11111 que il 1111 1111111111.1)11111111111111
11111,1111111Ν11111; 1111111111111111- 111111111 1 111111111, come chius qui
11111 1111111Ν11111; 1111111111 1111111111- nul 1111111111 11111111 11111 11 1111111111
1111 11111111 prendre 11111111111, 11 1111 11111111 11111 1111111111 111111 1111
11111111111111111111 111 11 11111111 1111 1111111111111111111111111 11111-
1111111111.111111111111111111111111111- 111111 1111111111 111111111 11 1111111
11111,111111111111111[11]111111111111 11111 vivre. ³

11111111111111111 lor 11111 111111. 1111 1111111111 1111111111111111 1111 111-
11111111111 11111111111111111111111111 111111111111111 111111111111 111 que 11
1 111 11111111 11111111111111111 11111 11111111 contre 111111 111111111111111-
1111 Β111,11 111111111111111 11111111111. 1111 111111111111, 1111 11 1111111111-
1111111111111111111111111 1111111111111, 1111111. Er d'eutre 111111 111111111111
1111 11111111 11111111111111111111111 queen 1111111111 1111 11 111111, 111 111111
1’1111111111111111111111111111111111111 aeques, 11 1’11 1111 bien 1 1111111.
11111111111111 11 11111111 1111111111, (1111 1111 11111 11111111111111111111
111111 que 11 1111111111 1’11 1111. nont merenies 111111 (1111111111. Et 11111 11·

11. 36

 

