PAR maol 1111 vitm-unum. 111

1101.1’10111010101011111100111010- 111001;011001010010 111111 0011111001
1010, 01110οἱ10 000110000110100 10101 0101 00 100 0111 010011101001 100
11110. 1011101 10 10011110 0011110100110 1110110, 01 1111110 0011000111001011110
1110110ςο01101101110-101011101011111100010 1100 01 que 11 101011 00000110 0111 00110-
10 Βο1-10-11110,01110001101011011100- 01110. 10111000101110110011 1110001110 “

101011 01011 011011. 1011 111 10 10100111 111111001,0111 011 111 801010 111011 00
011011101010111011011.Μο1111101001101· 10010100101110001100101001101101010011

’ 0001011000010110101100111101101010οῑ 1111011 01100110 gent 10 10100100 0110

0101011 110111001110,101010011 1000010 001001, 01 100 1110 10001101 1 111 Ι1101

’ ’10100001 10 0000011001 01 0111001υο 1101101101 01011.
, μ111001001,0110010110101011,080111001 111100 10010110 1100101 11 chanvennis

1101101011111110110100111110. (10 chan-Lim eumanum 101-110101,

11011 10 11000011101111101 1011101100 11100111101101001010, 1110101 101 110101,
01101101010,οι1100001100111οΒ1011 11011 1011011101,0110010101 1101001 gens
0110 1101110101,11 011001 10111011 1011 100111000 00 0001 11110 010111 00 010-

, Ρ101000,11(1011080101-10101 011101 au· 0110100011110. 1111101 10 010111 11 0101-

110 1110010100. 10111011110101010001110 0001 1011110 0111011 110000110 101011,
001001110111011001001101011101111 11111001 10 110111 01 101 0111101101 10
qu'il 1101001 10110 011 1110 10 0001101100 11010101. 1111 101101000010 010111 110-
01100001010111-1011110,01000100111 101 10 1110111οο1 01 001101 0011101 0001

, 1010100110101111801001,1011-11,0100(1- 11101,10010010011100010101000001.

11 1001 10100010010101100011010,0010110 Emi 1010111οη010 00100 001· 1011101 100
0 101 1 00001111. Li 0101001110 Mon& 1011010111 00101101101011 (1001110101-
0101111011 1101 001010101010111111001 001 1001 1110101010101010101001 01111
1 001 0011 101 1110. 8111 (0101111101 1111 10011001 1110010111 que 11 0110111 10111010
0100111001, 0101011111001011,0110110- 100 1101000 10000001 (10 01110110, 01
01111001111100001001010111110100001110 1111 10 101110 00 101 10101010 1 0101100
110110 1111100011 10 101011 1010011011, 1 010010(100111001000110111010101111100
’101111 1001101001, 11 01011101 1100111. 11011 01 0100111101 000101001011. 110
Et 101001 101 1011101111101, 01 11 (00111101 00011 0100000010 10111111011101011 11 00-
011101, 01 1110011 0010111 quem. 11111 10110,10 110110011111 10110001100001
1101 00 101 011011 11010011011,1101 011 01 (1010111001 011011000001111. 0110011

, 0010011000 01 par 101 1100001111 111 10011 011011 11011,001 10011 0110110101 110101

00000101, 00110 101101100000010011· 00000011101100101101001 010000 0111011
110111 011011. Εο11 1101 00 0111010001 10 01 01011 10 grano 1001 00110110 10 10110.
,80111001 ki 0001001 111111 1111100111 10 101101 10 Ρ11101,111101 1010010-
11101 11110111 10100010101101 00100111( 00011110, 00100000101001101011101111 00-
0101110 00101001. Quam 11 011001 que li 1011010101 0011,0110101000101 10101 ,
10010011 10001111 0101011000001101111 01 111111. 8100111010 1011010 111100 10101011-
10110010100101011. Au 100110 11 111 11 1101- 110,1111001111110100100“11,1010010001
1011100100 un 1010100011000101101· 0110 1001 00111. 101101 1101001100 01 “
110-111010 10 80111001. ’ 0110111101110101011000110111101-
· 1110011001 1011011001 110011000,101011- 110011 01 011 1010001110 10 0010000010-
001110 Mum-Ferret, por 1110110 11 10011111110010100100111011110101110-
11101111 11 01011 0110000011 10 1000011ἰο 1001 00 000 1110,81101111000101 00101
101011,01101100 110 10 00010 ’10100001 0011110100 10101100 mut (101011010110
10 champagne, 01 0101101 100 1101101 11001101 11111001, 0 1101010111000100
100 0010011 01 100 00111001 0111101 10011 0001010100. 110 0010 011010 111 001010101οο
01001101.Ε111101 100011 01 0111011111 1011101 10110010, 0 1010101 10 Bruges,
que 11 10 1010 01011 1010011010110111111 0110101111, qui 10 11100001010011000,
1110010011 101 1110101001 1001111110 1000- 011110οο100 10 0101111. Et 0011 0100111001
110 10 1011. 01110100001 1010101101 10 10 0001011001010 1011101101, 10111101,
80111001011001110 10011001 11 101010001 1011101001, (1110 111101001011 100 10111011
01101 01000 00010110 11 0101110001( 10 1001οπ00,οι 01111001010100111111 00110-
000 11111 1001000010οῑ 1 1011110 0111 0111001 00 (1110100000οσ 1111111111 01010111
11010101001 10 01010. Εο11 1101 001101110- 111011111001001011. 111 00100011 001010

 

