11111. 111111111111111111111 1111111111111111111. - 1111111111.

Ν... 111111. 1111101111.
11111111 en 1111111111.

111111Ν1111111. 11111111111111111111111111111111111111111111111 pour 11 01111, N

1111111 1111 111 1111111111
1111111111Ν11111111111 12111,
111111111111111111 11 11111111 111111111111111111111 ;
1111111 11 1111 11 111111111111111111 11111111.
Gnatam«. Ν...
1111111 1111111111 11111-111111 ; 11111111111111111 1111.

11111111, Commi, N... 11111, 1111111111,
111111111111111111. seigneur 1111111. 11111111 11111111, 111111111111111111111
111 111111 1Ν11111111111 11111111...
11111111111111. 111111161111111111.
11111. ’ . Une 11111,
11111111111111118111111, 1111111111111111111111111,
111111111111111111Ν1111. 111111111111111111111. ,

11111111, 111111111111111.
1111111111Ν1111111111 1111111Ν1111, .
1111111111 11 1111 1111111111111111111,
111111111111111111111111111111. ¹

. 11111111 1111111-11111111111111111,

1.-11111111 1111111111.

111111 1111111111111111111111,111111111111111111 1111 de 111111. 1
111111111111111111Ιῖ 01111111111Μ1111. ¹
11111, 1111111111. l
1111111 110111111111, 111111 1111111111 11 111111
11111111 111101111111, 11111 11111111 11 1111111111 ,
11111111111111,11111111·1111, 111111111111111111. 1
111111111111111111111111111111111, ·
1111111 11 1111111111, 11111111 11 1111111.

11111111. 11111, Ν... 1111,
11111111111111111111111111. 1111111 11111. 11111111
1111111111111 1111111111, 11 11ης 11 1111 1111111111 1111111111111111111.
11111111111111111. 111111111’1111111;
1111111 1111111 111111111111111111111111111111 111 1111111111
11111111111111’1111111111Ἀ11111111; parmenam.
1111111111 111111111. 1

1111111111111111111111111111111111111111111 111111161ιέ11.
1011111111111111, 111111 11 1111111111
11 11111111 11111111111111111.

B.-FAM1L1.E DES Tocco.

N... [11110000.

mm· 01111111, Leonam,
11111111111111 1111111, 11111 1111111. 1111111101 1111111111 1151,
contemnum. 11111111111111111111111111,
1111111111, 11111 1111111111111111, 11111Ν111111,
· 11111111 en 1115.
· 01111111 1¹¹,
1111111 1
1. 1111111111ᾱοῦ11, 11111’1111111111)1111;
1. 1111111111, 1111111 8111111111, 111 11811111.

0111111 ΙΙ, 1111111.
111111 1 a. Ν..., 1111 11 (11111 11 S 1111
1. Ν..., 1111111Ν1111111111111;
11111111 111111111111111111111111111111.

(barm 111. 1111111111, Ν... 11111.

&gouzo Ν...,11111111111 1111111111181 11111111Ν. 0111111111.
1111111111111111111, constantin 1111111111 1111111111 11111111111111111 centum.
seigneur 11 11111111. 11111111 1111111111 11111, 111111111111111.

Ι 111111111 omenta 11 111111.

*ι--ο-ᾃ

11111111, 11111111.
111111 1. 1111111,11111111.11111 1111111111,
111 11111811111ς
1. Ν..., 11111111 fo 1111111111, 111 (Musam
11 111111 Ι111 111111.
Cunus.
111111 1111111 1111111111 11 11111 Χ.
11111111 1 11111111 11 11 111111-(11111.

 

