11111111111111-11111111. 111

1111111111. 1111111111 11111111 1111111111. Sl 111 111111111111111,11111111
11111 1111 1111111111 1111111111 11111 111 1111111 11 court de 1111111 1111111111 '3
111111111111111· (111 1111111 parler 1111111111 1111 que 11 11111 111 11111111, ,
1111111111 1111 (1111111 111111 (1111111111 (111 11 111111 1111111 autre. ’

011111· uaporem 11 111 1111111 (111111 11 marchis 1111 11111111111111, 1111111
moult lies3 1111 manda 111111 mgnum 111 111111111111 lul 111 jour qu'il
1111111 11111.Ε111 11111111 1111111111 1111111111, 11111111011111111 1111111111
111111111111111111111111111111 111511111111111, es 1111111111 1111111111 111 prio,
en 1111 moult 1111111111 pre· 11111111 (11 0111111111. 111 111111 1111111111 11111
111111 11 1111111111’111111.Ε1 111111111111111111111111. 11111 1111111 1111111111,
(11111111’11111111111111111111-1111. Ε1 11 1111111111 11 1111111 que 11 11111111-
1111111 1111111111111111111111111111111111111, dont il 111 moult 1111. 1111111111
11111111111111111111111111 11 li 1111 11111111, 11111111 1111 1 11111111.

1111111111(111111111111111111111-11111111, 11 marisca! 11 1111111111 11 do
(1111111111, 11 1111 11 11111111111111 1111111111 11111111111,οιι 1111 1111 Serre, 11
quel il 1111111 11 1111111111 111111111111111, 11111 11 1111111 111 1111111111.Δ

Ε111111111111111 11 111111111111111 1111111111 1 moult 11111 11111 11111111,
1111111111111111111111 111111111111111111111, que encoreporoient 11 graver ·
lor anemis. 111 1111111111 issue 11111, 11 mols 1’1111111,1111111111111 111111 111
pooir en 111111111111111111111 pour 1111111111 1111111111 11111Β11111111. Emi
11 deputarent 1111111111 moult 1111111. Li marchis s’en (1111111 81111111 1111
1111111111 1111 111111111111111. ’

1111111111 marchis fu 1Μ111111111, 11 11111 puio quo 111 joun 1111 11111111
111111111ὴί1 111 11 1111111111 (1111111111 1111111 11 1111111111 11 Μ11111111111,
111111111111111111111 loing. Ε1 111111 11111111 111111111111 1111111111, 11
1111111111 11111111 1111111111 11 11111; 11 111111 que li marchis 111111 1111111 genu
1111111111 11 1111111 1111111 1111111111 1 11111111 garde. Ε1 111111111111111111
’ 111, ni 111111 un 1111111 11111111111,11111111“11 111111. 111 quant 11 11111 11
1111 11111 1111111111, 1 111111111111,1111111111111111, 1111111111 (111 grant 1111111
1111111. La 111 111111 (11111 1111111111 11111111111111111111111111111 111111-
1111 si 1111111111 11111111 11111111 111111111111111 11 gent virent 1111, 11 11
1111111111111111111 1 11111111 111 1111111111 11 11111111111111111111. 111
111 1111111111 111111 11 11111111 11 1111111111. Ε111 perdi moult 11 sanc. Sl 11111111
11111111. Et quant 111 111111111111 1’11111111(1111111 1111111, 11 11 1111111-
111111111111111111111111 1 11111111. Enni 1111111 11111111 11111111 mes-aventato,

·1111111111111111111111(11111111111111),111 11111. 111 qu! 1111111111 111111 1111 111 111.
11111111111111111 111111, 11111111111111111 1111 qno 11 11111111·11111111 11 1111 1111111 1
1111111111111111111111,11111111111111111- 8111111111111111111111111111111111111111
11111,111111111111111111 111 11111 111 11111 111111111111111111111111.)

1111111. (1111111111111.) 111 1111111111, ’111
11111111111111111111111111111111111 111111111- ¹ 1111111 111111111111111111111111.
polis pour 1111111111 1111111111111 1111 m· ⁴ 11111111.

 

