11 111111111111111111111111,

111111 1111111111 1111111. 111111111111111111 1111. 1111 1111 mar· 11 111111111111
’11111 qui 11 111111 pon 111111111111111111 11 peril! 1111111111 11 1111111, 11111 111-
11111111111, 11 ’11 111111 111111111111111111111111. 11111 1111111111111 111111111
gran! 11111 11111111·, 111 devant, pour 11111111 111111 111 li 1111111111111.

111111111111111111111111111111111111111 111111 1111111111 111 1111111111
111111. 111111111111 111111 11 moult poi 11111111. Νι1111111111111111111ι111 grant
111111111111111111111111111 11111, pour 1111111111111 111111111111111111 111.
1111 111111111111111 1111 11111111 111. Lon 1111111111-1111111111111 11111111
111111111111111111 pour 11111111. 1111 11111111 1111 1111111111 que 1111111111
11111111. 011111 1111111 grans 111111111111111 1113111111111111111111111111-
11111111. ’

1111 111111 11 11 1111111111 en 1111111111111111111111 811111·, 1111 1111111
11111 111 1111111111 111111. nii prist 111 11111 111111111111 11 11111111 111 111 11
111111 11 11 1111 1111111111 par 111 11111111 1111111111. Et 11 1111 111 ⁷ 1111, qui
111111 1111111111, 111111 111111 1111111111 11111111. 111 111 111111 (1111 111111
111111 11111 11 1111111 11111 1·111111111111 merki 1 111 111111. 111111 111
111 111111 111 11111111 111111113111111111111 11111 111111. 811111 1 111111 11
1111111111 10,11111111111111 11111111, 111 111111 (111 1111111111111 11 111 1111111
1111111111 11 1111. 111 111111 1111111111 1111111111111111,111 1111111111111111,11
11111111 1 Sim, 11111 1111 111111111111111111 (11 1111, 11111111 11111111 1111111111-
1111111111111111111111111111,111111111111-1111,11111111111 11111111,1111111111

111 1111111111111,1111111111111,1111 111 1111111111 1111111111,111’111“11 1111111111-
111111 11111 11111111 11 1111111111 (1111111111. 111111111 11111111111111 11111. 111
11111111111111 111111111111111 1111111 1111111111111 11111 1111. 11111 11111111
111111311;11111111111111111111Μ11-11111, 11111111 1111111111 111, 11 11 111111
1111111.

, 0111111111 1111111· 11 111111111111111111111111, 1111111111111111111 : 111111
1111111111 bien 1111 111111111111.11111111111111111 1111111111111111111 1

·111111111111111111111111(1111111 m, 11111111.

. 1111, p. 1111 1111 111111 1111111111, pendunt 1111 1(1111111111 1111111111 11111111111111 md.
1111111111 11111 11 1111111111111111111 1111- ·115, Suum 111.11111111111·.111111.11
11111111111111-(11111111,1111 111111111111 1111111 1111111 1111111 11111111 111 111 111111
1111111111111111111 111111111111111 1111111111· 111 11111111 111-1111111111111111111111111
111111.11111111111111 1111111111111111111 0111111111111111111111111111.

1111111 1111 11111 111111 111111 111111111- 1111111111.

1111111 111, 1111111111 111111 1111111111 111 , ·11111’1; 1111111111.

(1.111) 11 1111111111 11111111 111 11 11111 11 ’1111111111 ’1111111111 (1111111111, 111111 11
11111111111111111111, 11111 111111 11 1111111111. 1111111111111111,1111111111, 111111111111111
11111111111111111111111111.»1ι1111111111111’1111 duodo 111111.ι1111,111111111111 111111, 11111
1111 11111 111111 mediocriter 1111111111.» 111111-11111 111111111111111.

Ἰὼ 11 1111111. 111 111 111111 1111111111 11111111111111111111111111.111111111111111.
eom 111111 111111111111 1111, 11111 1111 1111 11 111 1111111111111111111111111111 111111.
11111111111 n 11 1111111. 111 change 1111 1111. ¹¹ 11111111.

1111111111. 111.111111111;1111,11111111. ⁴* 0111111, 1111111111. 111,111111111;

’111,1111111111111111111,1111111111· 1111, 1111111111. ,

 

