PAR ammoy 1111111111-11111110111. 165

0111111111 11111 111111 11 1111111 111111 1 1111, 11111 11 11 1111111111 11 1111111111
ki ,1111111 11 1111111111 non, 1111111111 liges 1 ’111111111111 11111111, 1111111-
main 11 11 gent. 111111111 1111111131 111111 111111 ou 1111111111111181111
11111111, (1111111111 1111111111 11 11111111 11 1111111 11111 1111111111 1111111· 1
1111111111, 1111111111111111111 1111 avenn, 1111111111111 1111111111 11113111
111111111111111111111111111111111181111,11 11111111 111 111111 1 plus 11
11111111111111111111111, 111111 111 1111111111, 111111111111111. 11111 1111111111
11 si baron, 1111 1111111111, 1111111 1111111111 11111111 11111 11111 pour 1111111
1111111111111111111. 1111111 1111111 1111111111 111111111111 11111 1111. '
Qunnl 11 1111111111 11 11111 1111111 81111 1113111111111 111 111111111; 11 che·
11111111111111111111 11111111 111111111111111111.01111 11 1111111111 111111
11111111111,111111111111111111111111,111111111111111111ς11111111111 1111111111-
311111111111111111111111111111111111111 1111111111111 part 1111 11 num 11
111111111111111111111111111111111111111111ς 11 fist 11 311111111111111111,
11111ΙΙ 11 revelarent quant 11 1111111111111 ’1111111111 1111111111, 1111111111
proin 11111 1111111111. 1111111111111111111111111 1111111111111111111 11 111111
’1111111111111111 11111111111111 11 11111111111 1111111111 11 11 requisi 111
11 prendrait 111111 1 1111111 111 111111111111111 11 1111111111 1111111 1111111111 11
11111111 111 monstier 111111 11111· 11 1111111111 1111 11111111111 tons 1111111111
ki 1111111111-1111··111111111111111111111111111111, 111111 1 1111111111111111
11 11111. ’ “
, 1111111111 cumei! li 111111111111111111 111 homes. 11111 111111111111111 11
111111111111111 111 deus guerre· 1111111111, 11 que 111111111111111111111 11111111
111 111111111111111111 11 111111 1111111111 1111111 partis lor 1111111, 11111111
11 ’1111111 111111, 1111111111 111111 111111-11111111 1111 1111111111 11111111.
Enni 11111111111111 1111111111. 1111 manda 1111111111111111111111111111111
1111111, 11 1111111111 1111 111111’1111111111’11111 11 1111111 Ε111111; 11 11
1111111 1111111111111, 111111111111111111 Soufle de Niehomie. Ensi 11 11111
11111111111111111111111111111111111,11111111111111111111111111111111111111.
Lon 111111111111111111111111 0111111111111111 111 prist 11111 1111 11111
1111111111511111111 11 11 11111 111 1111 8111111111. Et 11 11 1111111 1111
111111111111111111111181111111111 11111111. Et 1111111111 1111111 111 Jour-
1111111111111111111111111 11 1111111111 11 111111111111 1111. Et cil de 11 1111,

1111111111111111,11111111111111111111111 1111111111 1111 1111111111111 1111, ι 11
1111111111111111111111111 111111 11111 1111111111 pm 11111 11 bruneum-some 11111
11111111, ’ ’ 111111111111111111111 11111 1111111111·

’1111111111 - 1 . ⁴conutanun 11111111. · ⁸ ¹

*151μ11111111111111111111111,1111111 ι *monendum-
11111111111111111111, 1111111111111111111- *1111111111 2
11111,11111111111,111111111111111 ’111,«1111111111111111111111 1111111μ
sewum 111 11 1111111111- n 9141, ¹ 1111111· Mu.- 11111111111111111111111111111111 111·
11111,1111111111 1111111111111111111-(1111- 111,«111111111111111111111111111 111..
ge, 11 et 11 gent, 1111111 1111, 111 111111 111111.

 

