111 1111111111 nv 11111111111111,

11Τ111ο1111“, 11 11 chevaliers si de eiergsne. 11111111111111111 1111111111 1111-
111111 11111111111111,Ρ11111111 1111111 (1111111111

11111111 111111 111 11111111 1111111111 1111111111 11111111,111111111 1111111
delens: 111 11 11111111 Μ1111 11111111,111111 11111111111111111111111111111,1111111
que 11111111111111111111 1111,1111 ee que 111111111111111111111111, 11 1111 ⁸ d’une
111111111111111111111111111,111111111111111 outre 11111111111111111111111111
11111111Μ11111111111111111111 111111111,1111’1 1111111111111111111 1111111111
11 1111110111111111111111, que ii 1111111111 11111111 11 conterent, que Goneieniino-
1111111111 111111111111111111111111111111111111111 11 111, 1111 11111 111 11111111
de 1111111111111111 11 1111111111111111 1111111111 11 e 11 11111111111,111 1111
1111 1111111111 11111 1111111111 1111111111.Ε1111 111 1111111111 111 passage 11 1111·
1111111111111111111111 grani 111111 11 111111111111111111 ³ 11 1 tous ies 111-
rens 11 11 111111 11111 11111111111111111111 111111 deme.

En 111 termine, 111111111111111111 11 111111 de Les-vigae, 11111 Pieres 11 1111111·
111111Ρ111111Ὀ1111111111 11111111111111111,111111111111111111111111111 11111111·
11111111 Si le 1111111111111111111,111111111111111111111111 111111111111111 11111.
Γ11111111 11 1111111 11 11 111111111111111111111111111 11111 avoir. 1111111111
11111 Si-Nieolai 111111111Ν1111111,1’11111111111111111111111111’11111111111’11 111111

11111111111111111 11111 1111111111, 111111111111111111111 111111 11111111111111

¹ 1111111 11111111 deii 111111, 1111111111111- 11111111 pauvres 1111111111 11111111 1111111111
111111111111111111111111111111 d'un 1111 1111 erec 11111111 1111 qui n'eieIeni 111 11 111
111111111111111111111111, 11111111 111 (1111111- 11111111 1111111· 1111111111 1111111111 11111111,
11111 d'un 1111 11111 11 1111111111 1111111, 111111111111111111111111111111111111111111

11111 1111111 d’un 111111111111’1111111111 ev· 11 111111111111111, 111111 11111111 hardi 11111
sienne. 111111111111111111111 1111111111111 11111111111111111111.(11111111111111101111-

1111111111. 11 11 11111111111111111111111111111 1111111111.)
111 eunies 111811 1111. ⁰ Ριι1111111,11111111 1111111111 1111111111 111

¹ philadelphie 1111 11 ivdie. e’eevekv 1111111111 ( verer 11111111, 1. 111).
ι1111111111. 'Poimeniuen 1111 decreveverunt„ 111111-

411111 11111 11111 11 flenti-vererere 1111111 11 1111111111111111111111, 11111111111111111111
1111111111, 1111111111, 1111111 11111111 11111 1111111111111 uniuersique 11111 11111111-
1111111. 51111111111111111 1111111111 11 11111111 11111111111 1111110111111111111111. ι 11111111
1111111111 meri. 1111 1111111111 1111 1111 11111111,111-1111111111,111111111111111,11
eves 1111111 1111111, 11 111111 dene 1111111- 1111111131111111111111111),11111111111111111
11111111,111 1111111111111 trouver. 11 11111 11111111,11111111111111111111111111111111111
1111111111111111111111111111111101111111111- 011111.111111,111111 1111 11111111 11 11111111
11111111111111111111111111181111111-1111111. 1111111111, 1111111111 111111 111 111111111111

⁸ 11111111 11111 summersi 11111 1111111111- 11 1111111111 i eon 1111111111 11111111 111111ϋ
1111111111 111111111111111 1111111111 2 11 11 11111111, 11 111111111111 111111-111 ee

⁸ 11111111, div-ii. 111111 111 extreme deterreres peu 1 1111111111. 01111111 11111111 lires! 111111
1111 111111 1111111 11111111, 1111 1111111111 1111111111111111,111111111111111111111
111111111111. 011 1111111 eveii 11 1111111 11111111111111 ’11111111 11111111 111, eremi
1111 111111111111111111111 11111111 11111 1111 1111111111 ie premier 1111111 111 mes. 1111
1111111111 11 11111111, 1111111111111111111111- 1111111111111111 11 111111. 111111 1111 11 1111111111
111 111111 11 11111 1111111111 1 ie 111111 , soule— 1111111111111111111111, 11111111111111111111

 

