PAR Gnomoi 1111 11111Ε-Η1111101Ν . 911

1111111111 111 111 1111 dei 111, 11111111 1111111111 111 01 1111111 1111101111 ¹. Par
11111111 1111111111111111111 ². 111111 111 1111 111 111 11111 s'en 111 : 1111111111 11
11 timuerent 111111* 1111111111.

Ε11111111111, 1111111 111111111111 Β11111111 11 1111111111 111 iloni-Peirai, ne 1111
(11111111,11111111111111111111 11 1111111 11111 1111111111 ,1111111 11111111111111111111
(11111111. 11111 1111 cummeneo i 1111111111 11 1111111111111111111111111, 11 1111111111
11111 111111111111 1111111111 11 1111111. Ε11111111 111111111 11 111111 1111111111111111
1111111111111111111111111111111111111 1 oi 11111 maisons que 11 1111 11 11111
111111111 1111111 111 11111111.

0111111111 111111111, 11111111 1111111 1111111 111111 1111111111 1111 chevalier 11
1111111111, ei 11111111111111 111111111111111111111111111111111111.Ε1111111111111111
1111111111111 trouver 111 11 11111111 1111111111111111, 11111 11 11111111 moi
(111111 1111111111 1111 iusi 11111 11 1111. Sine 1111111111 11111111111111111111111.

111111111111111 111111111Β11111111111111111111111111 1111111111Β1111111-111-111111.
1111111111 iliu 11, 1111 111 1111111 11111111,1111111111 11111 11111111 ki 11111111 dedens.
1111111111 1111111111 11111111111111111111111111 11111111111111 ou 11111111 3 11111 111
1111111111 111111111Ρ111111111 11 1111111111 i 111 111111111111111111 1111 1111111 111
111 1111111111· 111111111111111111111, 11 (111 autres 111111 1111111, Dou 111111 ki 11-

· 11 111111 111111,5111111111111,111 1111111 Ι 11 111111111111, 1111111111111111111111111111111-
111111111111111111111111111111111,111111111 11111, 111 1111111111 11111111 11111111 11111 111
inscriptionum! 11111111 : (11111111 veniet 111 11111111, 11 11111 111111111111111111111111-
novin 011111111111, 111111 meipsum 1111111. 11111111111111111111111111111111111·11111111,11111
011 11 1111111111 111 1111 11111 11111111ιί11 11111 111111 1111111111 11111111 1111111111. 11111111.)
1111111111, 111 111 11111111 111111111111111· ’15111111111111111

. 1111111111111111111111111. 11111 11111111 111 11111111111111111111111111111111111111111·

11111 111 1111111111 1111, 1111111 1111111 11 11111111111111111 11111111111111111111, un
1111111,11111111111 111111111111 111111111111, 1111111 11111111111111111111111111111
1111 1111111 1111, 111111 111111111111111. 11111111 ι (1111111111, 111-ιι, 11111111111111111-
11 1111111111111111110111111111111,11111111111111 1111111, 1111111111111 111 1111111111 1111111111,
1111111111111111111111111 1111111111111111- 11 Greci 11111111 111111111111111111111111, beili
1111111. oi 11111 1111111111 11 1111111111111111 111 111111111111111111111,111111111111111111111..
pridianum. 11111111 11111111 (111. 1 11111111) ’1,1111111111111111.
11111111111111111 1111 magumque 111111 111- 1111111111.
1111111 111 11111111,111111111 1111111111 Ι111111,111111111111111111111111111111111
11111111111111111111111110111111111111111 111 11111111111111,111111 1111111111111111 1
11111111111111111111. 1111111 (1111111111, 1111111 11111 11111111 1111111111
⁸ «1111111111, 11111111 111 111 1111,111111 1111111111111111111111111111111111111111111111
1111111111 1111 111111111111111 11111 1111111111 111 1111111111 111111.1111111111111111111111111
611111111111111111111111111111111111111111, u 11111111111111111111111111111111111111 oi
111 1111111111111111111111 1111 11111111 11111- 111 1111111111 11111 qui 1111111 1111111111 do
11111 11 1111111111111111.0111111 11 1111111111 11111, 1111111 111111 1111111111111111 11111
,11111111 imminuerint ie 11111111 111111111111.
11111 11111 111111 111111 1111 1111111111 11111- ·111111111111, fllia 11 Boia. 111 111 11111111,
11111111111111111111111 1111111, 11111111 111· 111111 1111111 Pinge. 11111 111111 1111111 11
111111 11111 11111111 111111, 11 1111 111 1111 1111 1111111111 1111111111 iloni-femi.

1111 tummim, 11111 11111111111111 111111, 11

 

