Pnn 1111111101 DE 111111111111111.111

(111111111Ρ11111 111111111111111111111 111111111111111111111111. Ε11111 11 11111
11 11111111111111 111111111111111111111,1111111111 111 1111111111 11 111 11 Venisse.

11111111111111111111.51111111 11111111111111Ε1111111111 11 111 11
n 1111111111111111111111111111,1111111· 11111111111111111 1111111111191111111
n 1111111111111Ε1111111111111111111111 1( 11111111 111111111111111111, 11 111111-
1111111111,11111111111111111111111Β111, n 1111 111111 neela 111111. 011111111111
(111 111 11 1111 11 111111111 1111111111 n 111111, 11 1111 1111111111 111111 11111111
1111111111.Ε(1111111111111111111111111 11 n 11111111Ρ11111, 11 11111111111111111111
1111111111111111111111111111111111111 11 1111111111 trever 11111 Ι(’1Ι nos 11111111
(11111111111111111111111111111 1181111111, n en 1111111111 1111111 11111111111111 111
111111111111111111111111111111111111 11111111 boine 11 111111 riche, 11 11 1111
1111111111 1111 11111111, 11111111111111 (11111111111111111111111111111111111
, 11111111111111111111111111111111111111 1111111111111111111111111111111111111
n 11111,11111111111111111 non. n Ε1 11 11111111111111111111111111111111. 11111111-
1111111111111111111111511111111111 111111111111111111111111111111 11111111
1111111111111111111111111111111111 1111111111111111, 111111111111111111
«11111111111111111111111111 11 111111. Ι’1.1111 1111 1111111 11 1111111 11111111· 1
si 1 1’11 111111111111111111111111111 111 11111111 11111111, 1111111111 11 1111151
1111111111111111111111111111111111-11111111111111111111111111,11111111111
11111111 1111,111Ι11111111 11111111 1111111111111111 11 11111. Ε1111111111111-

, 11111111111111111111111111111111111 11111111111111,1111111111111111111111

1111111111, (1111111111101111111, 11 1111111111111111111111111111111, 111111
11111111151111111111111111111,11 1111111111111111111111111111111--1
n 1111 1’ apostole, (111 1111 1 ’1111111 11111 menone 111 Veneeeyene 11 111 11111111
n 11111, 1111111 111111111111111, 11 1111 11111111111111111111111,1111111111111
111111111111111.1111111111111111111111 annes 11 111111 11111. 1111111111111 11
devenisse, 11 111111111111111111111 11111111111111111111111111111111111111
1111111111111111111(181111111111111 11111111111111111 (1111111111111 1111111
nde 11111 111111111111111111111111 11 11111111. Μ111 1111111111111111111111
(1111111 gent 11 111111 11111. Ε1 1111 11111111111111111111111111111111111111-
111111111111111111111111 1111111111111 1111111 111111111Μ11111 1111111111 11
((1111111111111111111111111111(111 1111,(111111111111111111111111111111
n 1111 11111111. n 1111111111 11 beron 11 1111111111 11 1111111111 111 11111111111-
11111 (1111111 11 11111111 1111111111 11· 11111 1111111111. Ε1 (1111111 1111111111
1111111111111111111111111111111111111 1111111111111111111,111111111111111111111
1111111111 111 (1111111 1111111 111 111-1111.111111111Ε111111111111111’11111111111111
n Ει 11 1111 1111111 11111111 que 1111 111111. Ε111111111111111111111111111
n meinent peine 111111111111111111111.111111111111111111111111111.1111111111
n 01 1111111 111 11111111 1111 11 11 11-(1111111111111111111111111 1111111111 111-
1( 111111111111.111111111111111111 1111 111 11111 111111 e'en 111111 (111 11111
11111111111 118111,1ο1111111111111111 11111111 11 1111111111111111111-11111 ne
11ρ111111,11ο11111111111(11111111 1111111111111111111111111 1111111111-
1111111 1111111111.1111111 11 1111111111 111111’.11111111111111111 11111 1111111111
11111111 1111111111’11111111111111111111 11111 111111 11 1111111111 (11111111111611-
1111111111 11 11111,1111 1111111111 111 111 11 1111111111 11 11 11111111111111111,
11111111111111111111111111111111111111 111111111111111111111111111111111·
engiens 1111 11111111111111.13111111111 1111 11 1111 1111 nigrans 1111111.
111111111111111111 11111111111111111111. Lens 1111111 beron 11 11 111 11111-
111111 111111111111111111 1111111111 1111 11111111111111111111111 1111 111111111111
11111111111111 11111 11 11 11111. Enni 11111111111111111111111111111 1111111111-
111111111111111111111111111111111 (11- ¹ 1111111111111111111111111111111111111111
11111111111111111111111111111111111 1 cele (1111111111 1111 11 maechis de 111111
111111111111111 1 1111111111 111 1111111111’11111,1(1111111111111111111111111Μ1
(1111111111111111111111 11111,1111111111 ¹ 11111 de Μ111111111111Ρ11111 1111111111-
111111,11111-111 1111111111111111111111- 1111111111111111111111111111· 1111111111
1111 11 111111, 1111 1111111111 1111 (111 11111111111111111111111111111 11 menese

1119,

 

