181 CONTINUATION

11111111 1111111’111’11111111)1111 111. 111111 111111 111 11111111 11111111111111
111111111111, 11111111111111111111111 1111111111, que 111 1’11 11111111
1111111111. 1111 11 111111111 11111111111111, 1111 111 11 11111111111111111
111111111111111 1111111111111111, 11, 111 111111111111111111111, 1111111111
11111111 1111111. 1111111111 1111111111 111, 111111111111 David 1111111 1111
11111111111111111111 111111111111, 1111 11 1111 1111111. 111111111111111-

1111, 1111 dit qu'il de 11 11 11 meust 1111111 111111 que 11 11111111 1111 11111111
1111 111111 111111 11 11111111111111 11111111 1 1111111 8111111, 11 (1111111
111111111 111111111111. ¹

1111111111 11 111111111 1111 (111111111111111 111111111111 11111111111111
David 11111 1111111111 11111 1111111, 1111 1111111 11111181111111111111111111
11111111, 11 dont ki 11111 11111, 11 11 111. 11111111 111 1111 1111111 1111111 11111
11111111 Β11111,1111111111111 11111 1111111111 111111, 111 11 111111 11111
101111111111. (11111 [1111111111 que li 1111111111 1111111111 lui, 1111 1111111111
1111111111 1111 111111111111111111111 11 11111111 111111111111111111111111111
11111111. Ε1 bien 1111111 1111 1111111111111111111111111 1 1111111111 11 11111
11111111 111111111 11111, 11111111111-11-61111. Dont descendi et rendi 1111111
Νο1111-811111 (11111111 il ensi 1111111111111. Ε1 1111111 111111111111111111111
111111111111111 1111 11111 11 1111111111, 1111 11111 qui 11111111 111-11 1111111111
1111 11111111, 11111111111111111.Μ111 11 1111111111 ne plot 111 1 Nosne&
gnour. 1111111 11111111111 1111 dolans 11 1111111111111111111111111 11111111
11111111111111, 111 1111 11 11111111111111111 1111 11111111 1111111, 11 1111111
grans 111111,11 pour 11 grant 1111111111 1111 111111 111 dont estoit 11111111111111
1111111 1111 : ains 111 1111111 (111111111111111 11111111 gent 11 111 11111111. La 11
1111111 11 1111111111 111 grant 11111111 111 1111 11111 1111111 1111111111111111111
11 111111111111111111 11 Ρ11111111 , 11111111111111 111 111 1111111111, 11111111
’ 11111111 11 (111111111111111.

Si 111 11 111111111111111111(1111111111, 1111111111Ε11111, 1111 (1111111111
11 111111 11 1111 dist k'il 111111 1111111111 pour 11111111 111111, 11111 11111111
deson 11111111111111111 11111111 1 0111111,1111, 111111111111111, 111 111 111-11
1 11111111 1111111 11111111 111111111111111 11111 111111111111111111111111
1 1111111111111111111111 11111Ε1111111-111 de 11 (11111111 1111111111
1 q'ue elle 111 111111, 111111 1111111111 11 (1111111111, 1111111111 (1111111111
1 1111111 3 11111’1-1111111111111111 8111111111. 1 Ε1 quant 1111111 11 11111111-
1111 1111111111111. Que 11111111111111111111 Ε11111111 1111111111 1 8111111111
pour 11 1111. Doni 1111111111 111111, 1111 dist qu‘il 1111 qu'elle 1111111 11

¹ Leuctris. 111111 ι 1111111111 Theodora. (111-1111111·
’David 11111111111111111111111111111-1111 111111 1111111 11111111 111111 1111111111
111111111111111111111111 leur deminution, 11 1111 11111 Paphlagonia, 1111111111111111111·
premier 11 1111111111111111111111 111 1111 1111111111 11111 111111 111 1111111111111111
11 111111 1 1111111111 1111511111. (1111111 11111111 1111111·
1111111111 111111111111111111111111 111111- 1111111111.

 

