EXTRAITS DES AUTEURS BYSANTINS. . ⁴55

1111111111 111 11111111111111 11111111 “ 111111111111111111111111111111111-
11 1111 11111-111111 11 1111111111 11111 1111 111111111111111 por 11111111111
1111111111111111, 11111 11111111 injusto· 11111111111111111111111 1111111 111
mont. Lo goorro o'ollumo. ’11111111 111111 demandet 11 11111 11111111111
1111111111111111111111111,1111111111,11 1111111 111111111111111111111111111,111
1111111111 1111 111 fongo l’omporour 1111111111 11111-1111),11’11111111111
111111, 111 11 111511111111111, pron du 1'imporanioelreno¹.
monnone. 11111111 111111 111 111111111, A l'oide 11 11111 11111111, 11 111111
1111111 1111111 mun 111111111111111111 1111111111, 111111 111 11111111 1 011-
11111 11 111 proclamet omporour, pour 1111111111611111111),111111111111111111
1111111 11111111 11111111 11111111 d'op- 111 1111111111111111111.0111111111 1111
1111111 11111 11111 avaient 11111111. 1111111111111 1111 11111111111111111-
111 11111111 111 11111 1111111111111 11 111 11 1111111 1111111. 1111 1111111111
1111111111. ’11111111 111111111111111 1111111111,11111111111111111111111111111
111111111111111111 111 11 1111111 11 bo· 11111111111111111111111 11111 1111111111
111111. 11111111 111 1111111111 111111 1111111111.111111111111111111111111111 “
1111111111, 11 11 111111 111 111111 11 11111111111111’11111111111111111111
1111. 111111 11111 111 111111111111111- 111111 111 Franco 11 (11111111111111. 11
11111111111111111.11111111 111111, 1111111111 quo 1111 11 11111 pren·-
11111111111111111311111111111111111111 11111111 111111 1111111 occidentale 11
1111 11 11111111111181111-1111111111, 1111ρί111111111111111111111111.11111111
1111 11 mourut. So 11111111 Euphrosinn Gonipoli 11111 111 11111111 111111 11
1111111111 1111, 11 1111 111 11111111 ¹. 11111111111111111,111111111111111111
’ ’11111111 11111111 11111111111 Anne, 1111111111 11111 11111111, 11111111Μ111-
1111 1111111111111 1111111. 11 111 11111 111111111111 (111111111111111111111
111111 1111111 11111, Morio, 11111111. 11111111111 1111111111Κ1111111111111111111
1111111 1111111 11 1111111111111111- 1111111111 1111111 11111 11111111 1111-
· 1111 11111111 son 111111111111111111111 1111111 1111111111 descend 1111111111
11111111111111111111 poro. 11 oe 11111 1111 11 mor 11111 ¹. - 11
11111 111 11111111 1111 1111, 111111- 111111111 1111111 mont (1111111 1111
miore 111111111111 1111111111, qui 11 11111 1111111111 villo. 1111111111 111111
11111 11111 11 despoto3 11, 1111111 mort qui 111111 1111111. Touo 11111 1111111-
11111111111111111111, 1111 1111 Du· rent jusque 1111 111 muno 11 (111111111-
111 11111111, 111-1111111 111111111111111 noplo, 11111111111111111111111111111
11 111111 1111111111111111111111111. 1111111111111111111111 1111 ⁸.
1111111111111111111111111111111111- Quolques 111111 111111,1 1111111111
1111111111111111111111111111111111111- 11111111111111111 11111111111111111111
11111 1111111 1111111111 111 1111111111, 1111111111111 1111111111 11 h nulga-
111111111111111 11 1111111 1111111111. 111 ⁴, - 11 111 11111111 1111111111
111111111111 1111111 11 1111111111 1111- pour 111111111111111111 11 111 111111-
11111111 11111111 11 11111111111111- 111111. -111111111 111111, 111111111-
1111 11111111(111111111111)’. 111 111111 1 Nymphon, 11 11 111111
11111111 1111111111 11111111 111111- en pou 1111 noun, excepto 111 1111111, 11
1111111111,1ρ111111-11111 1111111311. 111ο111 11 111111111 contro eux 11 11111-
111 1111 11111111 111111111111111- 1111 11 111 11111111. 11 11111111 1111
1111111111111111111 11111111 111111 11111 1Ἠ111111111, 11 11111 1111111 11 1111111
1111, 1111 1111 11111 11111111 11 11111111- Γ111111111111111111).11111 1111111111 Eu-
111111 1111111111111 1111. 111111, 11111111111111111111, 1111111111.
1111111111111111,111 gendo, 1111 111111111111111 11111111 11111111111111,
possession 11 1’111111111,11111 1111111111
ρ111111111111111Μ11111 ⁴. ¹o. wop„ ο, ³1.

1111111111 Aenon„ 11. ;Μ” ⁰· ⁸⁵·
1 Μ. ⁸ c· 35· Id.. 1. ³8.

“ 3111, e. 11. ⁴111„ 111.

4111, 1. 11. ⁸111.. 1. 11.

 

