2⁷0 , 1810111 DE commum 1

11 (1111111111 dou Ρ111111 1111111111 11 111111111111111111111111111111111111
111111111111111111111111111111111.11 111 111 devius 1111111111 11 11111
11111111 11111111111111111 11 0111111111- 1111111111 1111111111111111 111111·
1111111 remanant 11 11 gent, 11 11111-11111 quant 11 1111111 1111 1111 ’11111111
111111 11 1111111 1 1111 11111111111. 111 1111111111,111)11111111111111111111
11111111111111111111111111111111111, 11111111.1111111111111111111111111111
11111111111111111111111111111111111 1111111111111111111111 1111111Τ1ο1111
11111111111111111111 11 1111111111 Li 11111111111111 111111111111111111111
111111111111118111111111111111111111 1 11111111 1111111111 111111111111 111111
1111111111 111. 81 11111111111111111111, 1111 11111 11111111 111 11111111111111111
11 11111 1111111111 Si 1111111111 11 11· 11111111111111111111111 11 1111111111 111
11111111111111111111111111111111111-1111111118111111 811111 11 1111111111,
111111, 11111 1111111111111111111111111. 11 11 1111111111 1111 111 11111111 qui
11111 11 1111111111111111111111 11111, 11111111 1111 111111 111111111111111111111
111111111111111111, 11111111111111- 1111111[1111111111111111111111111111
111111111111111; 11 (1111111111 111 11111111111111111111111 111111111111
Ρ11111111111111111111111111.11111111 neuris 111111111111111111111111111
potent 11111111 1111111, 11111 111111 1111111 que 11 11 1111111111 1111111 11111111111-
11111111Τ11111111 111110111111111111 11111111111, 1111111111111111111111-
1111 Ρ11111. 11 111 11111111111111111111-11111111 11111111 1111 11111111 1111111111
1111111111111,11111111111111111111111 1111111111 11111111 11 111111111111111
111111111111111111111 plus de 11 gent 11111111111,11111111111Τ1ο111111111
11111111111111 111111111111111111111- qui 11111111 11111 11 qui 1’1111’ -111111111
11111 dou 1111111111 1111111111111111- 1111111111. 111111 11 11 111111 111111 11
11,1111111111111111111111111111111- 1111111111111111111111111111111Ρ11111
11111111 qui 11111111111 1111111111111-111111111111111 1111111,11 111 1111111
ture el 1111111111 811111 811111. (1111 qui li 1111111111 1111 11111111111111111 111
11111111111111111111111111111 1 1111 11111111 Ε1111111111 1111111111 1 Τ11111
11111111111111111111111111111111111’1,1111 11 11 1111111111 sainte 81111111
1111 qui 1111111 11 Remi 11111 1111,11 111111111111. 111111 111 111111111111-
1111 hom 1111111111 11 1ο1,11111111111,111111111111 1111111111111,1111 11 ’111111
11 1111111111111 11 gent. 1111 11111111 111111111111,1111111111111111111111111
11 11111111 1111 qui 11111111 1111111111 1111111111111111111111111111111111111111-
8111111 81111111111111,1111111111111111.11111111111111111111111111111111111
1111111111 1111111 11 11111111 1111111111- 11111111111111111 11 11. 1111111 111 1111
11111 1111111 1 111111111111 Η1111 111 8111111111Ε111111111111111 11111 1111111
01111111111111,11111111111111111111111 (111111111111111111111111111111111111111
111111111111111111 11111111111111111111 11111 1111111111 111 1111111111 11111111
11 1111111, 1111 1111111111111 111111111111111111111 que 11 11111 1 1111111111,11
sainte 81111, 1111111111 pas 1111111 11111111111111111111111111111111111
111111111111111111111111111111111111, 11 1111 de 11 11111111 111111 1111111111-
111111111111111111,1111 11 111111111111111.11111,111111111 1111 11111111111111111111·
111111111111111111111111, 1111111111 1111 111111 1111111111. Et 1111111 (1111111
1111111111111111111,1)111111111 1111111 11 1111111111111111111111111 1111111
811111-1111111 qui 11111 1111111 qui 111111 11111 1111111111 11 11111, 1111111111
1111111, ,11111111111111 111111Ν11111111. 111 111111 1111111 111111 6111111111 1111 [1
11111111111111111111111111111111111 111 1111111111 111111 1111111111 11.
11111111,11111111111111111111 11111111 11 1111,1111 1111111 1111111

(11111111111111111 ot 111111 1111111 11111 111111111111111111111111 1111111111
8111111ο1111,11111111111111111111,11111- 1111111111111111111111,11[1111111111111
1111111111 111 11111111 1111 1111111111-1111111111111,11 1111111111111 11111] 1111
11111111111111. 11111111 1111111111 (111111111111111111111111111111111111-
111111111111111111,11111111 111111- 111111,1111111111111111111 non 111111,1111
1111111111,11111111111111111111111111-

1111 11 1111111111 1111111111 1111111 ,1, ,,,,,,, au 1111111111 ,1, mm·
111111. 111 11 1111111111 11 loga 111111 111111, 111111111111111111.

 

