. 116 18101113 DE 11011811111111011111,
11·,1111111111 qui 11111111 111111111- 11111111111111111111111111111 11111

1111111111111111111011111111111111. 111 11111111111111111111111111111 1111
’11111111111 11111111 1111 111 11111- 11111111111111111111111,11111111 blanc
nisse 11111 11111111 11 dux 111 1 1111111.111111111111111.111 1111111 11 1111111111·
1111 1111111111 11 1111111111 111111; 1111111111111111111111111111111111111
18111111 li 1111 1111111111 1111111111 1111111111 11 11 11 111111 1111111111 11
1 11111,11111111 11111111111111611- que 11 1111111111111 1111111111,111
11111111111111111111111111111111, 111111 1111111111111 1111 111 111 1111 11111
1111111111111118111111,]1111111-111111111 11111111111111’.11111-1111
11 1111111 11111111111111111111111 11 Ε1 1111111111 1111111 11 1111 11111 1111111·
11 1111111111 11 1111111111. Por 1111 11111ιοί111 [11111111111 11111111111 que
« que 1111 1111 por droit 11 1111111111,111111111111111111111111 111111111 11
11 11 11111 1 1111 qui 11111 1111 1111111111 11 11111 11 81111 et 1111111111 111 qu ’11

111111111111111111,1111111111.111 11111111111111111111111 11111111 111
11111111111111111111111111111111111 111111- 1111111 11 11 11111 111111111 11
1 1111111111 1111111111 111111 111111 1111111111111111111111111111111111

1111111111 11111111-11111 mer 111-1111111111,111111111Η1111181111Ρ11
11111111 111111111111,11 1111111111 111111 11111111111111111111111111111

111111111111111111111111111111, 11 111 111111111111111111111111,11111 11-

1 11111 1111 11111111 11 (1111111111111111 111111111111111111111111111.11111111

11 Ι’11111111111111111111111 11111111111- 11111111111111 11111,1111111111111111
1111111111111.1111111,111111111111111111 111111311111111111111111111111111111,
11111111 que vous 11111111111111 1111 11111111111111111 11111111, par 111111
1111111 1111 111111111 11111 1111111.1111111111111111111111111111111111111
11 Et· 11 1111111 1111 111111 1’,111 11 1 11111111111111111111111 11111111111111
111111111111111,111 11111111111 111 11111111111 1111111111 11111111,1111
1111111 11111 Ι1111111’-11111-,1111 1 11111111111111111111,1111111111111
1111111111111111111111111111111111 1111111111. 111 1111 1111111111111 11111111
11111111111111111111111111111111· 1111111111111,11111111111111111
11111111.111111111111111111111111111111 1111111111111111111111111111111
11 1111. 1111 111111111111111111111111 11111 111111181111·Ρ11, 11 11111 11111
11 111111111111111111111111111111111- qul 1 11111 11111111.
11 1111111111, 1111111111111111111. 11 1111111111111111111111111111111 11
11813111,11111111111,11111111111111 11111111111 11111111,1111111 1111111111
11111111 1111111111 111 11111111111, 11 111111111111111(1111111111111111111111
111111111111 111111111111111 1111. 111 1111111111111111111111111111111111111
1111111111 1111 1’1 1111 1111111111 111· 11]·11111111 1111111111111111111111
111111111,1111111111111111111111111.» 11111. 111 11111 111111111111 cuer 111
Ε1111111111111111111111111111111111111. 1111111111111111 1 11111111 11111 11
8111 11 1111111111 pris 1 1111111111. Et 111111111111111111111111111111111·

“ quanti! 111111 1111111111 11 11 11111111- 11111111111111111111111111111111111-

11111111,11111111111111111111111.81 11111111.Μ11111’1111111111111111 111·
111111111’1111.1’11’1.’1’1’11 11211111111111111111ῗέ11·
1111111111111111111111111111111111 11111111111111. 1111 11111 1111111111
11111111111111111111111111 1111111111 1111111111 1111111111 11 1’111111111111
1111 1111111111 1111,1111111111111111111 111111111111111111111111·,1111111 1111111111
811111111111111111111111.118111111 1111 11111 111 111111111111 11 1111111
11181111111111111111111111111111111 1111,1111111111 qui 1’1111111111111111
11111111 1111 1111111111111111111111 111111.111111111111111111111111111
11 111111 11111111111111111111111111 11111111111111111]11.111111 1111111111
11 1111111 1111111111 111111 1111111111- travena 1111111 1111 111111111111311,
11 11111111 11111111 11111 1111111111 11 111111111118111111111 1111111111,1111
111’11111111111·1111,1’1Ι1 1111111 11111111- 11 11111111 111 1111111111111111, 1111
11111. 1111111111 11111111 1111111111 111111131111111111111.

11 111111111111111111111111111111111 11111111111111111111111 1’ 1111 hm

 

